0 0.8734466971877044 0.6169230769230769 0.01765860039241334 0.027692307692307693
0 0.8734466971877044 0.6471794871794871 0.02289077828646174 0.03076923076923077
0 0.8695225637671681 0.6738461538461539 0.02158273381294964 0.03487179487179487
0 0.8652714192282538 0.7066666666666667 0.02485284499672989 0.03487179487179487
0 0.8489208633093526 0.6682051282051282 0.01831262262916939 0.027692307692307693
0 0.8603662524525834 0.5835897435897436 0.02289077828646174 0.02666666666666667
0 0.855461085676913 0.6092307692307692 0.01962066710268149 0.028717948717948718
0 0.8515369522563767 0.6374358974358975 0.017004578155657292 0.029743589743589743
0 0.8407455853499018 0.5456410256410257 0.026814911706998037 0.03076923076923077
0 0.8368214519293656 0.5784615384615385 0.025506867233485938 0.036923076923076927
0 0.8338783518639634 0.6066666666666667 0.02877697841726619 0.03794871794871795
0 0.8273381294964028 0.6605128205128206 0.02223675604970569 0.03282051282051282
0 0.8979725310660562 0.6271794871794871 0.01831262262916939 0.02564102564102564
0 0.895029431000654 0.6543589743589744 0.01896664486592544 0.03282051282051282
0 0.8924133420536299 0.6784615384615384 0.01765860039241334 0.027692307692307693
0 0.8881621975147155 0.7117948717948718 0.01831262262916939 0.03282051282051282
0 0.8842380640941792 0.737948717948718 0.01962066710268149 0.029743589743589743
0 0.9182472204054938 0.6261538461538462 0.015696533682145193 0.031794871794871796
0 0.9381948986265533 0.6348717948717949 0.02158273381294964 0.03076923076923077
0 0.9581425768476128 0.6364102564102564 0.01962066710268149 0.031794871794871796
0 0.9780902550686723 0.6466666666666666 0.02289077828646174 0.031794871794871796
0 0.9790712884238064 0.6758974358974359 0.02223675604970569 0.03282051282051282
0 0.9565075212557227 0.6697435897435897 0.02158273381294964 0.028717948717948718
0 0.934270765206017 0.6594871794871795 0.02289077828646174 0.03487179487179487
0 0.9300196206671026 0.718974358974359 0.01962066710268149 0.036923076923076927
0 0.9522563767168084 0.7317948717948718 0.02354480052321779 0.048205128205128206
0 0.9090909090909091 0.7148717948717949 0.01962066710268149 0.036923076923076927
0 0.907782864617397 0.2271794871794872 0.015696533682145193 0.021538461538461538
0 0.9434270765206016 0.23948717948717949 0.01896664486592544 0.02358974358974359
0 0.9640287769784173 0.24512820512820513 0.01962066710268149 0.024615384615384615
0 0.9816873773708306 0.24820512820512822 0.01831262262916939 0.028717948717948718
0 0.8920863309352518 0.19743589743589743 0.014388489208633094 0.027692307692307693
0 0.9074558534990189 0.20358974358974358 0.015042511445389144 0.031794871794871796
0 0.9260954872465664 0.21128205128205127 0.020928711576193592 0.02666666666666667
0 0.9457161543492478 0.2128205128205128 0.017004578155657292 0.029743589743589743
0 0.9627207325049052 0.2169230769230769 0.017004578155657292 0.031794871794871796
0 0.9797253106605625 0.2246153846153846 0.01831262262916939 0.024615384615384615
0 0.8391105297580118 0.1594871794871795 0.015696533682145193 0.031794871794871796
0 0.8574231523871811 0.16102564102564101 0.020928711576193592 0.02666666666666667
0 0.8750817527795945 0.16666666666666666 0.01962066710268149 0.02564102564102564
0 0.8917593198168737 0.1712820512820513 0.01896664486592544 0.03282051282051282
0 0.908436886854153 0.1794871794871795 0.015696533682145193 0.02666666666666667
0 0.9257684761281884 0.1835897435897436 0.01765860039241334 0.024615384615384615
0 0.9427730542838456 0.18717948717948718 0.01896664486592544 0.02564102564102564
0 0.9620667102681492 0.19230769230769232 0.017004578155657292 0.027692307692307693
0 0.9777632439502943 0.19897435897435897 0.015696533682145193 0.02666666666666667
0 0.9797253106605625 0.14923076923076922 0.01831262262916939 0.027692307692307693
0 0.9793982995421844 0.17487179487179488 0.01765860039241334 0.033846153846153845
0 0.961412688031393 0.14512820512820512 0.015696533682145193 0.027692307692307693
0 0.9431000654022237 0.14102564102564102 0.01831262262916939 0.02564102564102564
0 0.9100719424460432 0.13128205128205128 0.01765860039241334 0.028717948717948718
0 0.9450621321124918 0.16205128205128205 0.014388489208633094 0.024615384615384615
0 0.8933943754087639 0.10205128205128206 0.017004578155657292 0.02564102564102564
0 0.9103989535644212 0.1041025641025641 0.017004578155657292 0.027692307692307693
0 0.9277305428384565 0.11128205128205128 0.01896664486592544 0.02564102564102564
0 0.961085676913015 0.09794871794871794 0.01896664486592544 0.02564102564102564
0 0.9103989535644212 0.038974358974358976 0.013080444735120994 0.020512820512820513
0 0.8597122302158273 0.11333333333333333 0.01765860039241334 0.027692307692307693
0 0.8773708306082407 0.05179487179487179 0.016350555918901243 0.02564102564102564
0 0.9918247220405494 0.10666666666666667 0.016350555918901243 0.028717948717948718
0 0.9264224983649444 0.06615384615384616 0.016350555918901243 0.021538461538461538
0 0.40058862001308043 0.7523076923076923 0.032047089601046436 0.050256410256410255
0 0.3463047743623283 0.938974358974359 0.04251144538914323 0.06871794871794872
0 0.3534990189666449 0.8897435897435897 0.04643557880967953 0.05846153846153846
0 0.36919555264879006 0.8425641025641025 0.033355134074558535 0.05435897435897436
0 0.38521909744931326 0.8015384615384615 0.03531720078482668 0.052307692307692305
0 0.41661216481360364 0.7112820512820512 0.031393067364290386 0.046153846153846156
0 0.43884892086330934 0.6430769230769231 0.034009156311314584 0.04717948717948718
0 0.4525833878351864 0.6035897435897436 0.03662524525833878 0.0441025641025641
0 0.46664486592544147 0.5676923076923077 0.029431000654022238 0.046153846153846156
0 0.4784172661870504 0.5358974358974359 0.032047089601046436 0.031794871794871796
0 0.48855461085676916 0.5035897435897436 0.040549378678875085 0.043076923076923075
0 0.5009810333551341 0.46615384615384614 0.02877697841726619 0.031794871794871796
0 0.512753433616743 0.4235897435897436 0.032701111837802485 0.041025641025641026
0 0.5340091563113146 0.37538461538461537 0.028122956180510136 0.03487179487179487
0 0.5483976455199476 0.33487179487179486 0.029431000654022238 0.031794871794871796
0 0.5837148463047743 0.24512820512820513 0.02419882275997384 0.03487179487179487
0 0.5742315238718116 0.27589743589743587 0.02485284499672989 0.028717948717948718
0 0.6020274689339438 0.2907692307692308 0.02289077828646174 0.03794871794871795
0 0.5833878351863964 0.34564102564102567 0.02485284499672989 0.036923076923076927
0 0.4421190320470896 0.7702564102564102 0.02877697841726619 0.055384615384615386
0 0.4748201438848921 0.6584615384615384 0.032701111837802485 0.038974358974358976
0 0.49803793328973184 0.801025641025641 0.04905166775670373 0.055384615384615386
0 0.4856115107913669 0.8461538461538461 0.051667756703727925 0.06358974358974359
0 0.5068672334859385 0.7558974358974359 0.052321778940483975 0.05333333333333334
0 0.5143884892086331 0.7112820512820512 0.058207979071288427 0.05846153846153846
0 0.5225637671680837 0.6723076923076923 0.05624591236102027 0.05435897435897436
0 0.5196206671026815 0.6292307692307693 0.03466317854807063 0.0441025641025641
0 0.36330935251798563 0.7282051282051282 0.032047089601046436 0.04512820512820513
0 0.3803139306736429 0.6856410256410257 0.030739045127534337 0.046153846153846156
0 0.3920863309352518 0.6548717948717949 0.026814911706998037 0.03794871794871795
0 0.40124264224983647 0.6235897435897436 0.02419882275997384 0.02666666666666667
0 0.41399607586657944 0.5841025641025641 0.02877697841726619 0.03794871794871795
0 0.42576847612818836 0.5548717948717948 0.027468933943754086 0.03076923076923077
0 0.44277305428384567 0.5133333333333333 0.030085022890778287 0.04205128205128205
0 0.4038587311968607 0.5466666666666666 0.02158273381294964 0.03282051282051282
0 0.37181164159581426 0.6102564102564103 0.02289077828646174 0.03282051282051282
0 0.3456507521255723 0.6743589743589744 0.029431000654022238 0.031794871794871796
0 0.3319162851536952 0.7035897435897436 0.02289077828646174 0.038974358974358976
0 0.31785480706344016 0.7384615384615385 0.032701111837802485 0.04717948717948718
0 0.3207979071288424 0.6584615384615384 0.02419882275997384 0.041025641025641026
0 0.33747547416612167 0.6261538461538462 0.030085022890778287 0.046153846153846156
0 0.368541530412034 0.5605128205128205 0.029431000654022238 0.046153846153846156
0 0.5022890778286462 0.34923076923076923 0.02354480052321779 0.04
0 0.5212557226945717 0.298974358974359 0.03662524525833878 0.046153846153846156
0 0.552648790058862 0.22205128205128205 0.02877697841726619 0.035897435897435895
0 0.5667102681491171 0.17897435897435898 0.025506867233485938 0.03794871794871795
0 0.6474820143884892 0.2353846153846154 0.02877697841726619 0.035897435897435895
0 0.6245912361020275 0.2230769230769231 0.02354480052321779 0.031794871794871796
0 0.6118378024852845 0.3687179487179487 0.029431000654022238 0.035897435897435895
0 0.6000654022236757 0.41743589743589743 0.04251144538914323 0.05333333333333334
0 0.4551994767822106 0.36205128205128206 0.027468933943754086 0.041025641025641026
0 0.4722040549378679 0.3282051282051282 0.026160889470241987 0.038974358974358976
0 0.5179856115107914 0.24205128205128204 0.02485284499672989 0.03076923076923077
0 0.5977763243950295 0.20205128205128206 0.026160889470241987 0.04717948717948718
0 0.709941137998692 0.17025641025641025 0.02419882275997384 0.03487179487179487
0 0.6115107913669064 0.11282051282051282 0.01831262262916939 0.03487179487179487
0 0.6654676258992805 0.11948717948717949 0.02158273381294964 0.031794871794871796
0 0.6422498364944408 0.13487179487179488 0.015696533682145193 0.029743589743589743
0 0.5827338129496403 0.09692307692307692 0.02223675604970569 0.031794871794871796
0 0.5896010464355788 0.07179487179487179 0.020274689339437543 0.02666666666666667
0 0.6756049705689994 0.15846153846153846 0.02485284499672989 0.04
0 0.24395029431000653 0.5928205128205128 0.02223675604970569 0.03282051282051282
0 0.36886854153041204 0.3953846153846154 0.017004578155657292 0.029743589743589743
0 0.3646173969914977 0.3282051282051282 0.01765860039241334 0.020512820512820513
0 0.3240680183126226 0.35025641025641024 0.013734466971877043 0.019487179487179488
0 0.3384565075212557 0.3641025641025641 0.01896664486592544 0.018461538461538463
0 0.2701111837802485 0.39384615384615385 0.01831262262916939 0.022564102564102566
0 0.2841726618705036 0.40923076923076923 0.02158273381294964 0.024615384615384615
0 0.29888816219751474 0.4256410256410256 0.01831262262916939 0.02666666666666667
0 0.3132766514061478 0.44 0.01962066710268149 0.022564102564102566
0 0.3270111183780249 0.45794871794871794 0.01831262262916939 0.02358974358974359
0 0.27174623937213865 0.46974358974358976 0.020274689339437543 0.028717948717948718
0 0.36003924133420534 0.2312820512820513 0.016350555918901243 0.02358974358974359
0 0.33649444081098756 0.26666666666666666 0.015042511445389144 0.024615384615384615
0 0.2694571615434925 0.29333333333333333 0.01831262262916939 0.020512820512820513
0 0.24133420536298233 0.30153846153846153 0.01831262262916939 0.028717948717948718
0 0.22956180510137345 0.35333333333333333 0.014388489208633094 0.02358974358974359
0 0.24166121648136035 0.3994871794871795 0.01896664486592544 0.019487179487179488
0 0.23217789404839764 0.4574358974358974 0.020928711576193592 0.024615384615384615
0 0.21223021582733814 0.5215384615384615 0.02289077828646174 0.03794871794871795
0 0.21909744931327665 0.558974358974359 0.030085022890778287 0.03076923076923077
0 0.2704381948986265 0.36102564102564105 0.01765860039241334 0.028717948717948718
0 0.2969260954872466 0.35743589743589743 0.01831262262916939 0.02564102564102564
0 0.39306736429038586 0.2907692307692308 0.02223675604970569 0.02564102564102564
0 0.46664486592544147 0.2117948717948718 0.026814911706998037 0.031794871794871796
0 0.38456507521255723 0.1646153846153846 0.02223675604970569 0.02564102564102564
0 0.3459777632439503 0.18871794871794872 0.01962066710268149 0.020512820512820513
0 0.3835840418574232 0.19538461538461538 0.015042511445389144 0.019487179487179488
0 0.21648136036625246 0.23692307692307693 0.02223675604970569 0.028717948717948718
0 0.21517331589274036 0.27282051282051284 0.020928711576193592 0.022564102564102566
0 0.2419882275997384 0.23384615384615384 0.02223675604970569 0.024615384615384615
0 0.30477436232831917 0.23794871794871794 0.01962066710268149 0.02666666666666667
0 0.3103335513407456 0.3046153846153846 0.016350555918901243 0.024615384615384615
0 0.3999345977763244 0.24256410256410257 0.013734466971877043 0.021538461538461538
0 0.44179202092871156 0.24717948717948718 0.01896664486592544 0.02666666666666667
0 0.27959450621321125 0.24820512820512822 0.02158273381294964 0.028717948717948718
0 0.408109875735775 0.19230769230769232 0.017004578155657292 0.02564102564102564
0 0.4198822759973839 0.3158974358974359 0.01962066710268149 0.020512820512820513
0 0.3933943754087639 0.35435897435897434 0.016350555918901243 0.02564102564102564
0 0.36886854153041204 0.36102564102564105 0.01831262262916939 0.028717948717948718
0 0.42838456507521255 0.29435897435897435 0.017004578155657292 0.020512820512820513
0 0.44244604316546765 0.27897435897435896 0.01765860039241334 0.028717948717948718
0 0.3623283191628515 0.2953846153846154 0.015696533682145193 0.02666666666666667
