0 0.18770438194898625 0.5287179487179487 0.02877697841726619 0.03794871794871795
0 0.21550032701111838 0.5323076923076923 0.020274689339437543 0.036923076923076927
0 0.2514715500327011 0.5261538461538462 0.033355134074558535 0.03487179487179487
0 0.28613472858077177 0.522051282051282 0.025506867233485938 0.04512820512820513
0 0.3194898626553303 0.5164102564102564 0.020274689339437543 0.033846153846153845
0 0.34957488554610855 0.5158974358974359 0.026814911706998037 0.043076923076923075
0 0.23741007194244604 0.84 0.026160889470241987 0.04923076923076923
0 0.2907128842380641 0.8148717948717948 0.03466317854807063 0.052307692307692305
0 0.3302812295618051 0.7805128205128206 0.030085022890778287 0.04512820512820513
0 0.144538914323087 0.7230769230769231 0.02877697841726619 0.041025641025641026
0 0.11870503597122302 0.7979487179487179 0.026814911706998037 0.057435897435897436
0 0.1618705035971223 0.7928205128205128 0.029431000654022238 0.03076923076923077
0 0.15958142576847612 0.8425641025641025 0.040549378678875085 0.0441025641025641
0 0.21942446043165467 0.7174358974358974 0.03597122302158273 0.046153846153846156
0 0.22956180510137345 0.6676923076923077 0.031393067364290386 0.038974358974358976
0 0.15860039241334206 0.6815384615384615 0.029431000654022238 0.046153846153846156
0 0.27141922825376064 0.6015384615384616 0.026160889470241987 0.04205128205128205
0 0.302485284499673 0.6025641025641025 0.025506867233485938 0.0441025641025641
0 0.2603008502289078 0.7102564102564103 0.02485284499672989 0.04
0 0.20470896010464357 0.7907692307692308 0.032701111837802485 0.041025641025641026
0 0.24395029431000653 0.7846153846153846 0.031393067364290386 0.04512820512820513
0 0.31196860693263573 0.7456410256410256 0.03531720078482668 0.041025641025641026
0 0.2969260954872466 0.7102564102564103 0.02877697841726619 0.035897435897435895
0 0.2648790058862001 0.6733333333333333 0.02354480052321779 0.031794871794871796
0 0.289404839764552 0.6707692307692308 0.02419882275997384 0.03487179487179487
0 0.4587965990843689 0.7584615384615384 0.029431000654022238 0.035897435897435895
0 0.4238064094179202 0.7476923076923077 0.026160889470241987 0.036923076923076927
0 0.3907782864617397 0.7471794871794872 0.02419882275997384 0.035897435897435895
0 0.38227599738391105 0.7841025641025641 0.029431000654022238 0.031794871794871796
0 0.4162851536952256 0.7892307692307692 0.028122956180510136 0.04
0 0.44964028776978415 0.7897435897435897 0.030739045127534337 0.03282051282051282
0 0.37998691955526487 0.8256410256410256 0.02877697841726619 0.036923076923076927
0 0.40941792020928713 0.8292307692307692 0.026160889470241987 0.03794871794871795
0 0.4408109875735775 0.8235897435897436 0.027468933943754086 0.036923076923076927
0 0.7825376062786135 0.5933333333333334 0.030739045127534337 0.048205128205128206
0 0.7776324395029431 0.6282051282051282 0.031393067364290386 0.048205128205128206
0 0.8335513407455853 0.6446153846153846 0.030739045127534337 0.05641025641025641
0 0.7410071942446043 0.6579487179487179 0.031393067364290386 0.048205128205128206
0 0.8646173969914978 0.6138461538461538 0.02223675604970569 0.03794871794871795
0 0.8973185088293002 0.6723076923076923 0.02877697841726619 0.046153846153846156
0 0.7985611510791367 0.6723076923076923 0.034009156311314584 0.050256410256410255
0 0.737410071942446 0.6938461538461539 0.030739045127534337 0.04
0 0.7661870503597122 0.7061538461538461 0.026814911706998037 0.05435897435897436
0 0.6137998691955526 0.701025641025641 0.028122956180510136 0.046153846153846156
0 0.6223021582733813 0.6605128205128206 0.03858731196860693 0.04923076923076923
0 0.6363636363636364 0.7517948717948718 0.03531720078482668 0.04717948717948718
0 0.6749509483322433 0.717948717948718 0.040549378678875085 0.043076923076923075
0 0.25768476128188356 0.4046153846153846 0.03924133420536298 0.06461538461538462
0 0.20732504905166776 0.6112820512820513 0.026160889470241987 0.041025641025641026
0 0.17200784826684107 0.6148717948717949 0.03662524525833878 0.046153846153846156
0 0.7802485284499673 0.3046153846153846 0.026160889470241987 0.03282051282051282
0 0.7805755395683454 0.27076923076923076 0.029431000654022238 0.038974358974358976
0 0.7779594506213211 0.23794871794871794 0.028122956180510136 0.03076923076923077
0 0.7746893394375409 0.20512820512820512 0.026814911706998037 0.03076923076923077
0 0.7743623283191629 0.17487179487179488 0.02877697841726619 0.033846153846153845
0 0.7982341399607586 0.1758974358974359 0.02158273381294964 0.029743589743589743
0 0.7985611510791367 0.20205128205128206 0.02877697841726619 0.028717948717948718
0 0.803466317854807 0.23282051282051283 0.032047089601046436 0.03487179487179487
0 0.8047743623283191 0.26974358974358975 0.026814911706998037 0.03282051282051282
0 0.8051013734466972 0.30564102564102563 0.02485284499672989 0.03487179487179487
0 0.8342053629823414 0.26205128205128203 0.029431000654022238 0.031794871794871796
0 0.8328973185088293 0.30205128205128207 0.028122956180510136 0.031794871794871796
0 0.5349901896664486 0.26256410256410256 0.03662524525833878 0.05128205128205128
0 0.4434270765206017 0.08666666666666667 0.02485284499672989 0.02358974358974359
0 0.42053629823413996 0.07538461538461538 0.01962066710268149 0.02564102564102564
0 0.5232177894048398 0.06153846153846154 0.03531720078482668 0.04512820512820513
0 0.6203400915631131 0.07794871794871795 0.028122956180510136 0.036923076923076927
0 0.631131458469588 0.050256410256410255 0.030085022890778287 0.041025641025641026
0 0.5748855461085677 0.02205128205128205 0.030085022890778287 0.031794871794871796
0 0.5362982341399608 0.03128205128205128 0.02877697841726619 0.033846153846153845
0 0.5107913669064749 0.017435897435897435 0.031393067364290386 0.03282051282051282
0 0.4708960104643558 0.029743589743589743 0.026160889470241987 0.038974358974358976
0 0.48724656638325703 0.07230769230769231 0.03793328973185088 0.04205128205128205
0 0.14159581425768475 0.4815384615384615 0.03466317854807063 0.046153846153846156
0 0.18345323741007194 0.3517948717948718 0.033355134074558535 0.055384615384615386
0 0.3198168737737083 0.13794871794871794 0.02877697841726619 0.033846153846153845
0 0.20994113799869196 0.0876923076923077 0.030085022890778287 0.03794871794871795
0 0.17593198168737736 0.11384615384615385 0.031393067364290386 0.03487179487179487
0 0.18476128188358404 0.08153846153846153 0.026814911706998037 0.035897435897435895
0 0.2027468933943754 0.11794871794871795 0.03531720078482668 0.03487179487179487
0 0.2223675604970569 0.05435897435897436 0.032701111837802485 0.038974358974358976
0 0.20209287115761937 0.02564102564102564 0.030085022890778287 0.036923076923076927
0 0.2485284499672989 0.057435897435897436 0.032701111837802485 0.036923076923076927
0 0.2563767168083715 0.02717948717948718 0.032701111837802485 0.035897435897435895
0 0.050359712230215826 0.13384615384615384 0.02877697841726619 0.0441025641025641
0 0.1092217135382603 0.14205128205128206 0.03793328973185088 0.03794871794871795
0 0.13734466971877043 0.14512820512820512 0.032701111837802485 0.046153846153846156
0 0.1461739699149771 0.11282051282051282 0.030739045127534337 0.043076923076923075
0 0.289077828646174 0.13076923076923078 0.034009156311314584 0.048205128205128206
0 0.34172661870503596 0.033846153846153845 0.026814911706998037 0.04512820512820513
0 0.381621975147155 0.050256410256410255 0.04905166775670373 0.04923076923076923
0 0.38489208633093525 0.02205128205128205 0.03858731196860693 0.04
