0 0.5896010464355788 0.2958974358974359 0.020274689339437543 0.031794871794871796
0 0.565402223675605 0.34512820512820513 0.01765860039241334 0.027692307692307693
0 0.5987573577501635 0.37435897435897436 0.01896664486592544 0.03282051282051282
0 0.6187050359712231 0.3902564102564103 0.020928711576193592 0.035897435897435895
0 0.6249182472204055 0.4276923076923077 0.025506867233485938 0.041025641025641026
0 0.5699803793328974 0.3871794871794872 0.025506867233485938 0.035897435897435895
0 0.6304774362328319 0.4728205128205128 0.027468933943754086 0.043076923076923075
0 0.5546108567691301 0.4112820512820513 0.030085022890778287 0.03487179487179487
0 0.5732504905166775 0.4282051282051282 0.028122956180510136 0.04205128205128205
0 0.5618051013734467 0.5661538461538461 0.026160889470241987 0.043076923076923075
0 0.5814257684761281 0.5846153846153846 0.027468933943754086 0.038974358974358976
0 0.5935251798561151 0.5605128205128205 0.026814911706998037 0.03794871794871795
0 0.9290385873119686 0.19076923076923077 0.020274689339437543 0.022564102564102566
0 0.9081098757357751 0.17897435897435898 0.01896664486592544 0.02564102564102564
0 0.8744277305428385 0.15487179487179487 0.01831262262916939 0.03487179487179487
0 0.8407455853499018 0.1358974358974359 0.02419882275997384 0.035897435897435895
0 0.8315892740353172 0.09897435897435898 0.02289077828646174 0.035897435897435895
0 0.8512099411379986 0.11897435897435897 0.01896664486592544 0.036923076923076927
0 0.7926749509483323 0.06461538461538462 0.02354480052321779 0.036923076923076927
0 0.039568345323741004 0.7907692307692308 0.03727926749509483 0.04717948717948718
0 0.06507521255722695 0.8133333333333334 0.032047089601046436 0.04717948717948718
0 0.08600392413342053 0.764102564102564 0.028122956180510136 0.03487179487179487
0 0.04316546762589928 0.8564102564102564 0.034009156311314584 0.04512820512820513
0 0.12753433616742968 0.7564102564102564 0.026160889470241987 0.04
0 0.10366252452583388 0.7338461538461538 0.028122956180510136 0.04
0 0.07815565729234794 0.7148717948717949 0.032047089601046436 0.043076923076923075
0 0.036952256376716806 0.7241025641025641 0.026814911706998037 0.043076923076923075
0 0.03531720078482668 0.6764102564102564 0.031393067364290386 0.03794871794871795
0 0.05428384565075212 0.6897435897435897 0.026160889470241987 0.031794871794871796
0 0.15075212557226947 0.7707692307692308 0.028122956180510136 0.035897435897435895
0 0.17527795945062133 0.7974358974358975 0.031393067364290386 0.04205128205128205
0 0.20078482668410727 0.8138461538461539 0.030085022890778287 0.04
0 0.22858077174623936 0.8394871794871794 0.03597122302158273 0.03794871794871795
0 0.18476128188358404 0.8558974358974359 0.026814911706998037 0.052307692307692305
0 0.21026814911706998 0.8871794871794871 0.03466317854807063 0.059487179487179485
0 0.23773708306082406 0.9066666666666666 0.032047089601046436 0.055384615384615386
0 0.16546762589928057 0.9076923076923077 0.02485284499672989 0.038974358974358976
0 0.1906474820143885 0.9302564102564103 0.030739045127534337 0.05333333333333334
0 0.21909744931327665 0.9558974358974359 0.030085022890778287 0.055384615384615386
0 0.144865925441465 0.9538461538461539 0.02289077828646174 0.036923076923076927
0 0.1340745585349902 0.8148717948717948 0.02877697841726619 0.05846153846153846
0 0.0618051013734467 0.6456410256410257 0.041203400915631135 0.050256410256410255
