0 0.3708306082406802 0.5041025641025642 0.03793328973185088 0.050256410256410255
0 0.4107259646827992 0.4841025641025641 0.027468933943754086 0.043076923076923075
0 0.4375408763897973 0.4958974358974359 0.02485284499672989 0.03794871794871795
0 0.46533682145192934 0.5169230769230769 0.03727926749509483 0.04512820512820513
0 0.4944408109875736 0.5302564102564102 0.027468933943754086 0.04717948717948718
0 0.5225637671680837 0.5502564102564103 0.03793328973185088 0.04
0 0.4264224983649444 0.5358974358974359 0.030085022890778287 0.04205128205128205
0 0.48266841072596467 0.5723076923076923 0.03531720078482668 0.05333333333333334
0 0.512753433616743 0.5923076923076923 0.034009156311314584 0.05641025641025641
0 0.34401569653368214 0.58 0.031393067364290386 0.048205128205128206
0 0.3731196860693264 0.597948717948718 0.03597122302158273 0.04717948717948718
0 0.3590582079790713 0.54 0.030085022890778287 0.03794871794871795
0 0.38456507521255723 0.5543589743589744 0.030085022890778287 0.04
0 0.4159581425768476 0.5774358974358974 0.03662524525833878 0.05333333333333334
0 0.40189666448659256 0.6169230769230769 0.028122956180510136 0.050256410256410255
0 0.43067364290385873 0.6374358974358975 0.03727926749509483 0.05435897435897436
0 0.4578155657292348 0.6502564102564102 0.030085022890778287 0.05128205128205128
0 0.44440810987573576 0.5928205128205128 0.03466317854807063 0.05333333333333334
0 0.3273381294964029 0.6235897435897436 0.029431000654022238 0.04923076923076923
0 0.35840418574231525 0.642051282051282 0.032701111837802485 0.043076923076923075
0 0.38783518639633746 0.6615384615384615 0.03793328973185088 0.04717948717948718
0 0.4159581425768476 0.6784615384615384 0.031393067364290386 0.050256410256410255
0 0.34172661870503596 0.6815384615384615 0.033355134074558535 0.05641025641025641
0 0.3731196860693264 0.7025641025641025 0.033355134074558535 0.04717948717948718
0 0.3999345977763244 0.72 0.032047089601046436 0.05128205128205128
0 0.328973185088293 0.7271794871794872 0.02877697841726619 0.055384615384615386
0 0.35611510791366907 0.7466666666666667 0.03597122302158273 0.057435897435897436
0 0.3924133420536298 0.7676923076923077 0.03662524525833878 0.05846153846153846
0 0.6353826030085022 0.3723076923076923 0.028122956180510136 0.03487179487179487
0 0.6281883584041857 0.3984615384615385 0.03466317854807063 0.04
