0 0.4221713538260301 0.20256410256410257 0.028122956180510136 0.031794871794871796
0 0.4264224983649444 0.23282051282051283 0.040549378678875085 0.03487179487179487
0 0.4787442773054284 0.25384615384615383 0.02877697841726619 0.033846153846153845
0 0.45291039895356444 0.258974358974359 0.02289077828646174 0.031794871794871796
0 0.4277305428384565 0.26461538461538464 0.031393067364290386 0.03076923076923077
0 0.4064748201438849 0.3076923076923077 0.029431000654022238 0.038974358974358976
0 0.434597776324395 0.298974358974359 0.026814911706998037 0.033846153846153845
0 0.45846958796599085 0.29333333333333333 0.027468933943754086 0.03282051282051282
0 0.5366252452583388 0.26666666666666666 0.02419882275997384 0.02666666666666667
0 0.566383257030739 0.28923076923076924 0.020928711576193592 0.022564102564102566
0 0.5248528449967299 0.23743589743589744 0.03727926749509483 0.031794871794871796
0 0.4918247220405494 0.31384615384615383 0.032701111837802485 0.036923076923076927
0 0.5196206671026815 0.3076923076923077 0.02289077828646174 0.03076923076923077
0 0.5421844342707652 0.30153846153846153 0.02485284499672989 0.03282051282051282
0 0.5493786788750817 0.3292307692307692 0.02485284499672989 0.028717948717948718
0 0.46926095487246566 0.35333333333333333 0.030739045127534337 0.031794871794871796
0 0.49836494440810986 0.34923076923076923 0.032701111837802485 0.035897435897435895
0 0.552648790058862 0.36564102564102563 0.01962066710268149 0.02564102564102564
0 0.5235448005232178 0.34205128205128205 0.026814911706998037 0.031794871794871796
0 0.5277959450621321 0.3748717948717949 0.026160889470241987 0.031794871794871796
0 0.5369522563767168 0.4082051282051282 0.02877697841726619 0.03076923076923077
0 0.5696533682145193 0.43641025641025644 0.031393067364290386 0.04
0 0.5434924787442773 0.4461538461538462 0.032701111837802485 0.03282051282051282
0 0.6801831262262917 0.4025641025641026 0.031393067364290386 0.0441025641025641
0 0.631785480706344 0.44666666666666666 0.02354480052321779 0.027692307692307693
0 0.60431654676259 0.46 0.020928711576193592 0.02564102564102564
0 0.6671026814911707 0.4815384615384615 0.02877697841726619 0.04
0 0.5843688685415304 0.5117948717948718 0.03989535644211903 0.057435897435897436
0 0.6164159581425769 0.5056410256410256 0.03727926749509483 0.05333333333333334
0 0.6429038587311968 0.4948717948717949 0.031393067364290386 0.03794871794871795
0 0.6229561805101373 0.5512820512820513 0.03597122302158273 0.050256410256410255
0 0.6131458469587966 0.637948717948718 0.033355134074558535 0.05333333333333334
0 0.5748855461085677 0.18512820512820513 0.03662524525833878 0.048205128205128206
0 0.711249182472204 0.21333333333333335 0.026814911706998037 0.03487179487179487
0 0.696533682145193 0.36102564102564105 0.01962066710268149 0.036923076923076927
0 0.5755395683453237 0.6005128205128205 0.034009156311314584 0.04
0 0.47351209941138 0.5430769230769231 0.034009156311314584 0.04
0 0.4777632439502943 0.5887179487179487 0.04251144538914323 0.04923076923076923
0 0.5022890778286462 0.5415384615384615 0.031393067364290386 0.043076923076923075
0 0.4679529103989536 0.5087179487179487 0.03989535644211903 0.043076923076923075
0 0.55134074558535 0.4794871794871795 0.030085022890778287 0.03794871794871795
0 0.5313930673642904 0.8343589743589743 0.02419882275997384 0.035897435897435895
0 0.46370176586003925 0.8748717948717949 0.041857423152387184 0.06974358974358974
0 0.5457815565729235 0.617948717948718 0.04381948986265533 0.052307692307692305
0 0.5608240680183126 0.698974358974359 0.04512753433616743 0.050256410256410255
