0 0.3996075866579464 0.44051282051282054 0.02877697841726619 0.0441025641025641
0 0.4221713538260301 0.47025641025641024 0.026814911706998037 0.04
0 0.44506213211249185 0.49743589743589745 0.028122956180510136 0.038974358974358976
0 0.4672988881621975 0.5287179487179487 0.028122956180510136 0.03794871794871795
0 0.4895356442119032 0.5620512820512821 0.029431000654022238 0.038974358974358976
0 0.5120994113799869 0.5953846153846154 0.032701111837802485 0.04205128205128205
0 0.5366252452583388 0.6317948717948718 0.033355134074558535 0.04512820512820513
0 0.5634401569653368 0.6682051282051282 0.030739045127534337 0.046153846153846156
0 0.5366252452583388 0.5615384615384615 0.03858731196860693 0.0441025641025641
0 0.5189666448659255 0.5261538461538462 0.03858731196860693 0.04512820512820513
0 0.49018966644865924 0.4969230769230769 0.030739045127534337 0.04
0 0.4686069326357096 0.4666666666666667 0.025506867233485938 0.03487179487179487
0 0.44800523217789406 0.4358974358974359 0.030085022890778287 0.036923076923076927
0 0.4264224983649444 0.4046153846153846 0.027468933943754086 0.04
0 0.4038587311968607 0.32051282051282054 0.025506867233485938 0.0441025641025641
0 0.4260954872465664 0.34717948717948716 0.03466317854807063 0.035897435897435895
0 0.4457161543492479 0.3764102564102564 0.030739045127534337 0.036923076923076927
0 0.4695879659908437 0.4035897435897436 0.02877697841726619 0.04205128205128205
0 0.4921517331589274 0.43128205128205127 0.026814911706998037 0.027692307692307693
0 0.5120994113799869 0.46153846153846156 0.030085022890778287 0.04512820512820513
0 0.5372792674950948 0.4938461538461538 0.029431000654022238 0.03794871794871795
0 0.46893394375408765 0.3482051282051282 0.031393067364290386 0.03794871794871795
0 0.48528449967298887 0.36974358974358973 0.026160889470241987 0.031794871794871796
0 0.5104643557880968 0.4005128205128205 0.028122956180510136 0.035897435897435895
0 0.5307390451275343 0.4307692307692308 0.028122956180510136 0.038974358974358976
0 0.4892086330935252 0.3169230769230769 0.030085022890778287 0.03282051282051282
0 0.5117724002616089 0.34205128205128205 0.029431000654022238 0.031794871794871796
0 0.527468933943754 0.36923076923076925 0.03466317854807063 0.043076923076923075
0 0.5510137344669719 0.4 0.02419882275997384 0.03487179487179487
0 0.5974493132766514 0.45794871794871794 0.028122956180510136 0.035897435897435895
0 0.5804447351209941 0.5543589743589744 0.029431000654022238 0.033846153846153845
0 0.6082406801831263 0.5241025641025641 0.03662524525833878 0.043076923076923075
0 0.6471550032701112 0.521025641025641 0.03466317854807063 0.043076923076923075
0 0.750490516677567 0.943076923076923 0.03466317854807063 0.050256410256410255
0 0.7586657946370177 0.8128205128205128 0.031393067364290386 0.050256410256410255
0 0.7792674950948332 0.7733333333333333 0.041203400915631135 0.057435897435897436
0 0.2567037279267495 0.2512820512820513 0.041203400915631135 0.04512820512820513
0 0.20765206017004578 0.2358974358974359 0.025506867233485938 0.03076923076923077
0 0.24395029431000653 0.2158974358974359 0.02877697841726619 0.031794871794871796
0 0.23348593852190974 0.17333333333333334 0.027468933943754086 0.036923076923076927
0 0.2658600392413342 0.1605128205128205 0.030739045127534337 0.035897435897435895
0 0.2753433616742969 0.19435897435897437 0.034009156311314584 0.04
0 0.17822105951602354 0.2564102564102564 0.03858731196860693 0.03282051282051282
0 0.14028776978417265 0.27794871794871795 0.03466317854807063 0.043076923076923075
0 0.13374754741661216 0.24102564102564103 0.03858731196860693 0.03282051282051282
0 0.17004578155657293 0.2164102564102564 0.03924133420536298 0.038974358974358976
0 0.2001308044473512 0.19794871794871796 0.02877697841726619 0.03487179487179487
0 0.27730542838456507 0.10923076923076923 0.02223675604970569 0.031794871794871796
0 0.2517985611510791 0.12717948717948718 0.026160889470241987 0.03076923076923077
0 0.17952910398953564 0.13025641025641024 0.026814911706998037 0.022564102564102566
0 0.1618705035971223 0.18564102564102564 0.04643557880967953 0.036923076923076927
0 0.09417920209287116 0.2276923076923077 0.03531720078482668 0.043076923076923075
0 0.0565729234793983 0.25076923076923074 0.029431000654022238 0.033846153846153845
0 0.08469587965990844 0.19435897435897437 0.03727926749509483 0.0441025641025641
0 0.1157619359058208 0.1723076923076923 0.03793328973185088 0.041025641025641026
0 0.04643557880967953 0.21333333333333335 0.03662524525833878 0.043076923076923075
0 0.0735775016350556 0.15538461538461537 0.033355134074558535 0.035897435897435895
0 0.1026814911706998 0.13538461538461538 0.020928711576193592 0.024615384615384615
0 0.09941137998691955 0.10307692307692308 0.02485284499672989 0.02358974358974359
0 0.03629823413996076 0.14205128205128206 0.03597122302158273 0.04
0 0.07030739045127535 0.12564102564102564 0.03466317854807063 0.035897435897435895
0 0.1419228253760628 0.11692307692307692 0.034009156311314584 0.041025641025641026
0 0.1906474820143885 0.05179487179487179 0.030739045127534337 0.035897435897435895
0 0.26128188358404186 0.04717948717948718 0.028122956180510136 0.04717948717948718
0 0.2658600392413342 0.2876923076923077 0.02419882275997384 0.029743589743589743
0 0.2262916939175932 0.32153846153846155 0.03924133420536298 0.06256410256410257
0 0.5951602354480052 0.14461538461538462 0.02223675604970569 0.03282051282051282
0 0.6157619359058208 0.16923076923076924 0.02289077828646174 0.028717948717948718
0 0.6402877697841727 0.0841025641025641 0.02223675604970569 0.03487179487179487
0 0.5333551340745586 0.06820512820512821 0.02419882275997384 0.03794871794871795
0 0.17200784826684107 0.09692307692307692 0.026160889470241987 0.029743589743589743
