0 0.395029431000654 0.23435897435897435 0.01831262262916939 0.02564102564102564
0 0.4143230869849575 0.20871794871794871 0.012426422498364944 0.02358974358974359
0 0.41137998691955524 0.2569230769230769 0.011772400261608895 0.013333333333333334
0 0.42871157619359057 0.258974358974359 0.009810333551340745 0.017435897435897435
0 0.4457161543492479 0.2558974358974359 0.012426422498364944 0.019487179487179488
0 0.4323086984957489 0.2312820512820513 0.015696533682145193 0.015384615384615385
0 0.43884892086330934 0.18564102564102564 0.011772400261608895 0.020512820512820513
0 0.4650098103335513 0.25435897435897437 0.014388489208633094 0.01641025641025641
0 0.4839764551994768 0.2528205128205128 0.015696533682145193 0.017435897435897435
0 0.5026160889470243 0.2512820512820513 0.015042511445389144 0.022564102564102566
0 0.5235448005232178 0.2246153846153846 0.015042511445389144 0.022564102564102566
0 0.5071942446043165 0.20153846153846153 0.016350555918901243 0.017435897435897435
0 0.5107913669064749 0.17846153846153845 0.013080444735120994 0.020512820512820513
0 0.513407455853499 0.15487179487179487 0.015696533682145193 0.020512820512820513
0 0.5058862001308044 0.2282051282051282 0.015042511445389144 0.015384615384615385
0 0.46926095487246566 0.22923076923076924 0.012426422498364944 0.021538461538461538
0 0.44996729888816217 0.22923076923076924 0.013080444735120994 0.019487179487179488
0 0.42053629823413996 0.29128205128205126 0.01831262262916939 0.020512820512820513
0 0.4460431654676259 0.28102564102564104 0.015696533682145193 0.020512820512820513
0 0.46370176586003925 0.28205128205128205 0.015696533682145193 0.018461538461538463
0 0.48005232177894047 0.3046153846153846 0.014388489208633094 0.018461538461538463
0 0.49803793328973184 0.30256410256410254 0.012426422498364944 0.024615384615384615
0 0.5412034009156311 0.24717948717948718 0.01896664486592544 0.024615384615384615
0 0.5941792020928711 0.28512820512820514 0.026814911706998037 0.038974358974358976
0 0.5562459123610203 0.2743589743589744 0.020274689339437543 0.021538461538461538
0 0.538587311968607 0.27692307692307694 0.013734466971877043 0.01641025641025641
0 0.5454545454545454 0.19743589743589743 0.014388489208633094 0.017435897435897435
0 0.5614780902550687 0.2235897435897436 0.016350555918901243 0.018461538461538463
0 0.6164159581425769 0.22 0.01765860039241334 0.02564102564102564
0 0.6033355134074558 0.17333333333333334 0.016350555918901243 0.020512820512820513
0 0.5840418574231524 0.14923076923076922 0.011772400261608895 0.019487179487179488
0 0.5801177240026161 0.22153846153846155 0.014388489208633094 0.022564102564102566
0 0.5650752125572269 0.17435897435897435 0.011772400261608895 0.020512820512820513
0 0.5300850228907783 0.17743589743589744 0.012426422498364944 0.01641025641025641
0 0.5474166121648136 0.15384615384615385 0.015696533682145193 0.01641025641025641
0 0.5300850228907783 0.15435897435897436 0.013734466971877043 0.017435897435897435
0 0.5333551340745586 0.12717948717948718 0.009810333551340745 0.01641025641025641
0 0.5487246566383257 0.12615384615384614 0.015696533682145193 0.020512820512820513
0 0.5670372792674951 0.12358974358974359 0.011772400261608895 0.021538461538461538
0 0.2053629823413996 0.7071794871794872 0.020928711576193592 0.029743589743589743
0 0.22465663832570307 0.68 0.020274689339437543 0.022564102564102566
0 0.24820143884892087 0.6974358974358974 0.026814911706998037 0.036923076923076927
0 0.2475474166121648 0.6564102564102564 0.020274689339437543 0.02666666666666667
0 0.24787442773054283 0.6215384615384615 0.01831262262916939 0.028717948717948718
0 0.21942446043165467 0.46974358974358976 0.02158273381294964 0.03076923076923077
0 0.25245258338783516 0.46974358974358976 0.020928711576193592 0.02666666666666667
0 0.2446043165467626 0.4153846153846154 0.01831262262916939 0.022564102564102566
0 0.31621975147155 0.3630769230769231 0.01765860039241334 0.018461538461538463
0 0.28515369522563766 0.4128205128205128 0.017004578155657292 0.02358974358974359
0 0.2655330281229562 0.561025641025641 0.01962066710268149 0.028717948717948718
0 0.2880967952910399 0.5379487179487179 0.020274689339437543 0.027692307692307693
0 0.3077174623937214 0.5112820512820513 0.02158273381294964 0.027692307692307693
0 0.328973185088293 0.49333333333333335 0.01962066710268149 0.03076923076923077
0 0.3489208633093525 0.4717948717948718 0.01896664486592544 0.024615384615384615
0 0.36919555264879006 0.4482051282051282 0.020274689339437543 0.03076923076923077
0 0.3897972531066056 0.4297435897435897 0.02223675604970569 0.028717948717948718
0 0.26880313930673644 0.5953846153846154 0.01962066710268149 0.02358974358974359
0 0.289404839764552 0.5738461538461539 0.020274689339437543 0.027692307692307693
0 0.3116415958142577 0.5523076923076923 0.01896664486592544 0.02358974358974359
0 0.3296272073250491 0.5287179487179487 0.020928711576193592 0.027692307692307693
0 0.35251798561151076 0.5087179487179487 0.020928711576193592 0.02666666666666667
0 0.3727926749509483 0.49128205128205127 0.020928711576193592 0.02666666666666667
0 0.2701111837802485 0.6369230769230769 0.01831262262916939 0.02666666666666667
0 0.3106605624591236 0.5897435897435898 0.01831262262916939 0.03282051282051282
0 0.31131458469587964 0.6292307692307693 0.02223675604970569 0.031794871794871796
0 0.29136690647482016 0.6897435897435897 0.01765860039241334 0.02564102564102564
0 0.29332897318508827 0.7282051282051282 0.02419882275997384 0.038974358974358976
0 0.2733812949640288 0.7512820512820513 0.020928711576193592 0.03794871794871795
0 0.24950948332243297 0.7323076923076923 0.020274689339437543 0.03076923076923077
0 0.27141922825376064 0.7133333333333334 0.017004578155657292 0.027692307692307693
0 0.29136690647482016 0.6507692307692308 0.020274689339437543 0.029743589743589743
0 0.29038587311968606 0.6112820512820513 0.01962066710268149 0.028717948717948718
0 0.33485938521909747 0.6005128205128205 0.02223675604970569 0.029743589743589743
0 0.35546108567691304 0.581025641025641 0.026814911706998037 0.027692307692307693
0 0.3322432962720733 0.5676923076923077 0.02223675604970569 0.029743589743589743
0 0.35186396337475473 0.5435897435897435 0.02223675604970569 0.028717948717948718
0 0.394702419882276 0.5338461538461539 0.02289077828646174 0.031794871794871796
0 0.41759319816873774 0.5528205128205128 0.02158273381294964 0.024615384615384615
0 0.3973185088293002 0.5769230769230769 0.020274689339437543 0.029743589743589743
0 0.355134074558535 0.6605128205128206 0.02223675604970569 0.028717948717948718
0 0.3731196860693264 0.5246153846153846 0.01896664486592544 0.027692307692307693
0 0.39045127534336166 0.46615384615384614 0.02223675604970569 0.031794871794871796
0 0.4110529758011772 0.44 0.01896664486592544 0.03282051282051282
0 0.39372138652714195 0.49846153846153846 0.02354480052321779 0.03282051282051282
0 0.4323086984957489 0.4205128205128205 0.020928711576193592 0.028717948717948718
0 0.31393067364290383 0.7861538461538462 0.02223675604970569 0.029743589743589743
0 0.3358404185742315 0.7256410256410256 0.020274689339437543 0.021538461538461538
0 0.35873119686069327 0.7005128205128205 0.02419882275997384 0.03487179487179487
0 0.3142576847612819 0.7051282051282052 0.01896664486592544 0.033846153846153845
0 0.33616742969260954 0.6820512820512821 0.01831262262916939 0.03282051282051282
0 0.37704381948986265 0.6333333333333333 0.02289077828646174 0.029743589743589743
0 0.39797253106605623 0.6133333333333333 0.01896664486592544 0.036923076923076927
0 0.33485938521909747 0.7625641025641026 0.020928711576193592 0.035897435897435895
0 0.3597122302158273 0.7794871794871795 0.02223675604970569 0.041025641025641026
0 0.36003924133420534 0.7415384615384616 0.01765860039241334 0.041025641025641026
0 0.3790058862001308 0.6723076923076923 0.020274689339437543 0.029743589743589743
0 0.3999345977763244 0.6507692307692308 0.02419882275997384 0.035897435897435895
0 0.40189666448659256 0.6887179487179487 0.02158273381294964 0.035897435897435895
0 0.4244604316546763 0.6676923076923077 0.02485284499672989 0.03282051282051282
0 0.4408109875735775 0.6425641025641026 0.01831262262916939 0.02358974358974359
0 0.5212557226945717 0.5507692307692308 0.026160889470241987 0.03487179487179487
0 0.3181818181818182 0.8292307692307692 0.02289077828646174 0.04
0 0.3404185742315239 0.8471794871794872 0.01896664486592544 0.04512820512820513
0 0.3172007848266841 0.8774358974358974 0.02223675604970569 0.04205128205128205
0 0.29365598430346634 0.9051282051282051 0.020928711576193592 0.033846153846153845
0 0.2707652060170046 0.9302564102564103 0.020928711576193592 0.03282051282051282
0 0.2485284499672989 0.9605128205128205 0.027468933943754086 0.04
0 0.21419228253760628 0.9620512820512821 0.028122956180510136 0.05128205128205128
0 0.12034009156311315 0.5035897435897436 0.051013734466971876 0.07384615384615385
0 0.34009156311314587 0.9358974358974359 0.02354480052321779 0.0441025641025641
0 0.3384565075212557 0.8902564102564102 0.020274689339437543 0.03282051282051282
0 0.29627207325049054 0.9461538461538461 0.026160889470241987 0.035897435897435895
0 0.38227599738391105 0.7605128205128205 0.02289077828646174 0.04
0 0.4803793328973185 0.9097435897435897 0.02289077828646174 0.038974358974358976
0 0.434597776324395 0.9646153846153847 0.025506867233485938 0.046153846153846156
0 0.3865271419228254 0.9230769230769231 0.02354480052321779 0.041025641025641026
0 0.4316546762589928 0.8764102564102564 0.02354480052321779 0.046153846153846156
0 0.42544146500981034 0.7487179487179487 0.016350555918901243 0.028717948717948718
0 0.40418574231523874 0.7712820512820513 0.020928711576193592 0.024615384615384615
0 0.3620013080444735 0.8179487179487179 0.02158273381294964 0.031794871794871796
0 0.381294964028777 0.796923076923077 0.01962066710268149 0.03282051282051282
0 0.4650098103335513 0.661025641025641 0.020928711576193592 0.027692307692307693
0 0.4748201438848921 0.823076923076923 0.02223675604970569 0.027692307692307693
0 0.4525833878351864 0.8066666666666666 0.02223675604970569 0.035897435897435895
0 0.44964028776978415 0.7651282051282051 0.02289077828646174 0.03076923076923077
0 0.3871811641595814 0.8825641025641026 0.027468933943754086 0.035897435897435895
0 0.5487246566383257 0.6076923076923076 0.02485284499672989 0.04
0 0.42544146500981034 0.7112820512820512 0.02158273381294964 0.033846153846153845
0 0.40189666448659256 0.7292307692307692 0.01765860039241334 0.024615384615384615
0 0.3616742969260955 0.8630769230769231 0.02223675604970569 0.031794871794871796
0 0.40712884238064095 0.8112820512820513 0.029431000654022238 0.036923076923076927
0 0.38881621975147157 0.9687179487179487 0.02289077828646174 0.031794871794871796
0 0.08894702419882276 0.4123076923076923 0.030085022890778287 0.04923076923076923
0 0.17004578155657293 0.38769230769230767 0.051013734466971876 0.06769230769230769
0 0.2223675604970569 0.33692307692307694 0.04708960104643558 0.07897435897435898
0 0.6285153695225638 0.5138461538461538 0.01962066710268149 0.03487179487179487
0 0.5886200130804448 0.5579487179487179 0.02354480052321779 0.036923076923076927
0 0.5745585349901897 0.6635897435897435 0.02158273381294964 0.03282051282051282
0 0.5552648790058862 0.6841025641025641 0.02223675604970569 0.03487179487179487
0 0.5160235448005233 0.7743589743589744 0.02354480052321779 0.03282051282051282
0 0.5183126226291694 0.8148717948717948 0.02289077828646174 0.035897435897435895
0 0.5673642903858731 0.5482051282051282 0.02289077828646174 0.035897435897435895
0 0.5820797907128843 0.45282051282051283 0.026160889470241987 0.033846153846153845
0 0.618378024852845 0.41333333333333333 0.02289077828646174 0.03282051282051282
0 0.47187704381948986 0.4492307692307692 0.025506867233485938 0.036923076923076927
0 0.49313276651406146 0.39282051282051283 0.02223675604970569 0.03487179487179487
0 0.4712230215827338 0.4123076923076923 0.02158273381294964 0.03076923076923077
0 0.5562459123610203 0.4041025641025641 0.026814911706998037 0.04512820512820513
0 0.8234139960758666 0.12666666666666668 0.017004578155657292 0.02564102564102564
0 0.8397645519947678 0.12717948717948718 0.015696533682145193 0.024615384615384615
0 0.7858077174623938 0.16923076923076924 0.01765860039241334 0.02666666666666667
0 0.8351863963374755 0.16923076923076924 0.02485284499672989 0.028717948717948718
0 0.7586657946370177 0.32871794871794874 0.02223675604970569 0.035897435897435895
0 0.8718116415958143 0.31025641025641026 0.041857423152387184 0.04
0 0.94865925441465 0.08512820512820513 0.02158273381294964 0.028717948717948718
0 0.7930019620667103 0.02666666666666667 0.04774362328319163 0.05128205128205128
0 0.20830608240680182 0.27076923076923076 0.02419882275997384 0.03282051282051282
0 0.09352517985611511 0.9102564102564102 0.02877697841726619 0.04205128205128205
