0 0.02354480052321779 0.8015384615384615 0.03662524525833878 0.046153846153846156
0 0.03172007848266841 0.7502564102564102 0.03597122302158273 0.050256410256410255
0 0.036952256376716806 0.6917948717948718 0.03989535644211903 0.05435897435897436
0 0.040549378678875085 0.6369230769230769 0.04578155657292348 0.055384615384615386
0 0.05199476782210595 0.5323076923076923 0.03989535644211903 0.06153846153846154
0 0.026160889470241987 0.4856410256410256 0.03531720078482668 0.0441025641025641
0 0.032047089601046436 0.4348717948717949 0.02877697841726619 0.041025641025641026
0 0.03629823413996076 0.38153846153846155 0.030739045127534337 0.043076923076923075
0 0.06213211249182472 0.4805128205128205 0.03531720078482668 0.046153846153846156
0 0.06540222367560497 0.43538461538461537 0.03662524525833878 0.05435897435897436
0 0.07063440156965337 0.3902564102564103 0.034009156311314584 0.04205128205128205
0 0.09319816873773708 0.4866666666666667 0.033355134074558535 0.046153846153846156
0 0.10071942446043165 0.3902564102564103 0.02877697841726619 0.04205128205128205
0 0.10104643557880968 0.43743589743589745 0.032047089601046436 0.0441025641025641
0 0.1419228253760628 0.6923076923076923 0.03531720078482668 0.05128205128205128
0 0.12851536952256376 0.8128205128205128 0.03727926749509483 0.06051282051282051
0 0.1353826030085023 0.7533333333333333 0.032701111837802485 0.050256410256410255
0 0.16644865925441465 0.8076923076923077 0.03727926749509483 0.050256410256410255
0 0.17069980379332897 0.7471794871794872 0.034009156311314584 0.05641025641025641
0 0.17462393721386527 0.6953846153846154 0.02877697841726619 0.03487179487179487
0 0.1998037933289732 0.801025641025641 0.032047089601046436 0.059487179487179485
0 0.2328319162851537 0.8071794871794872 0.032701111837802485 0.04512820512820513
0 0.2668410725964683 0.8092307692307692 0.041857423152387184 0.05128205128205128
0 0.20568999345977762 0.7471794871794872 0.032047089601046436 0.05641025641025641
0 0.23839110529758012 0.7466666666666667 0.03597122302158273 0.055384615384615386
0 0.21124918247220406 0.6964102564102564 0.03924133420536298 0.04717948717948718
0 0.2710922171353826 0.7456410256410256 0.03989535644211903 0.05128205128205128
0 0.33060824068018313 0.8056410256410257 0.03597122302158273 0.046153846153846156
0 0.21124918247220406 0.6384615384615384 0.02877697841726619 0.04205128205128205
0 0.2419882275997384 0.6451282051282051 0.030085022890778287 0.05128205128205128
0 0.27468933943754087 0.6943589743589743 0.03662524525833878 0.059487179487179485
0 0.26880313930673644 0.7497435897435898 0.041857423152387184 0.059487179487179485
0 0.184107259646828 0.5861538461538461 0.03466317854807063 0.050256410256410255
0 0.15500327011118378 0.5317948717948718 0.031393067364290386 0.052307692307692305
0 0.16154349247874428 0.4835897435897436 0.032701111837802485 0.04
0 0.1671026814911707 0.44153846153846155 0.03466317854807063 0.035897435897435895
0 0.16775670372792675 0.38871794871794874 0.030739045127534337 0.036923076923076927
0 0.17168083714846305 0.34102564102564104 0.030739045127534337 0.035897435897435895
0 0.1998037933289732 0.34307692307692306 0.028122956180510136 0.050256410256410255
0 0.15075212557226947 0.5882051282051282 0.028122956180510136 0.04
0 0.18901242642249835 0.5348717948717949 0.03531720078482668 0.05435897435897436
0 0.19293655984303465 0.4897435897435897 0.032701111837802485 0.04205128205128205
0 0.23708306082406802 0.3394871794871795 0.03466317854807063 0.05128205128205128
0 0.223675604970569 0.4358974358974359 0.03662524525833878 0.04923076923076923
0 0.2315238718116416 0.3902564102564103 0.032701111837802485 0.048205128205128206
0 0.22465663832570307 0.4907692307692308 0.028122956180510136 0.0441025641025641
0 0.2184434270765206 0.5353846153846153 0.02877697841726619 0.043076923076923075
0 0.21615434924787444 0.5871794871794872 0.033355134074558535 0.04205128205128205
0 0.2593198168737737 0.39076923076923076 0.032047089601046436 0.04717948717948718
0 0.2540876389797253 0.438974358974359 0.026814911706998037 0.038974358974358976
0 0.2514715500327011 0.4835897435897436 0.03466317854807063 0.04205128205128205
0 0.2459123610202747 0.5405128205128205 0.020928711576193592 0.03282051282051282
0 0.24689339437540878 0.5861538461538461 0.030739045127534337 0.046153846153846156
0 0.27730542838456507 0.6384615384615384 0.034009156311314584 0.05846153846153846
0 0.2809025506867234 0.5902564102564103 0.033355134074558535 0.04205128205128205
0 0.2786134728580772 0.5384615384615384 0.02877697841726619 0.04923076923076923
0 0.28744277305428384 0.4907692307692308 0.03989535644211903 0.05435897435897436
0 0.28744277305428384 0.4430769230769231 0.029431000654022238 0.04512820512820513
0 0.2884238064094179 0.3912820512820513 0.032701111837802485 0.050256410256410255
0 0.3342053629823414 0.7415384615384616 0.03531720078482668 0.04717948717948718
0 0.302158273381295 0.7471794871794872 0.034009156311314584 0.05641025641025641
0 0.30608240680183124 0.6907692307692308 0.03662524525833878 0.052307692307692305
0 0.3407455853499019 0.6912820512820513 0.034009156311314584 0.05333333333333334
0 0.30640941792020926 0.6364102564102564 0.03466317854807063 0.05435897435897436
0 0.34434270765206015 0.581025641025641 0.03597122302158273 0.052307692307692305
0 0.3109875735775016 0.581025641025641 0.03597122302158273 0.05641025641025641
0 0.3106605624591236 0.5333333333333333 0.02877697841726619 0.04923076923076923
0 0.34499672988881624 0.5312820512820513 0.033355134074558535 0.05128205128205128
0 0.3747547416612165 0.5333333333333333 0.031393067364290386 0.041025641025641026
0 0.3188358404185742 0.4358974358974359 0.028122956180510136 0.04512820512820513
0 0.34532374100719426 0.4753846153846154 0.030085022890778287 0.0441025641025641
0 0.34761281883584044 0.4317948717948718 0.03597122302158273 0.055384615384615386
0 0.32177894048397643 0.34512820512820513 0.032701111837802485 0.046153846153846156
0 0.3508829300196207 0.38769230769230767 0.029431000654022238 0.036923076923076927
0 0.35219097449313275 0.34205128205128205 0.03597122302158273 0.05846153846153846
0 0.36363636363636365 0.803076923076923 0.034009156311314584 0.04717948717948718
0 0.36625245258338784 0.7461538461538462 0.03924133420536298 0.048205128205128206
0 0.39895356442119034 0.7425641025641025 0.03531720078482668 0.038974358974358976
0 0.39633747547416615 0.801025641025641 0.03924133420536298 0.06358974358974359
0 0.42871157619359057 0.8015384615384615 0.03466317854807063 0.06256410256410257
0 0.43394375408763897 0.7425641025641025 0.03858731196860693 0.05333333333333334
0 0.4656638325703074 0.7994871794871795 0.04447351209941138 0.05846153846153846
0 0.3708306082406802 0.6358974358974359 0.027468933943754086 0.043076923076923075
0 0.4300196206671027 0.6887179487179487 0.03466317854807063 0.052307692307692305
0 0.4349247874427731 0.6374358974358975 0.031393067364290386 0.050256410256410255
0 0.4058207979071288 0.5348717948717949 0.03466317854807063 0.052307692307692305
0 0.43623283191628515 0.5282051282051282 0.030085022890778287 0.057435897435897436
0 0.4378678875081753 0.48256410256410254 0.03466317854807063 0.03794871794871795
0 0.4676258992805755 0.5287179487179487 0.030085022890778287 0.046153846153846156
0 0.5009810333551341 0.5292307692307693 0.03793328973185088 0.04717948717948718
0 0.4705689993459778 0.5851282051282052 0.03466317854807063 0.04
0 0.5016350555918901 0.5820512820512821 0.03924133420536298 0.046153846153846156
0 0.5313930673642904 0.581025641025641 0.029431000654022238 0.04205128205128205
0 0.4656638325703074 0.6907692307692308 0.03531720078482668 0.05641025641025641
0 0.4650098103335513 0.6338461538461538 0.032701111837802485 0.055384615384615386
0 0.4977109221713538 0.6369230769230769 0.02877697841726619 0.041025641025641026
0 0.4970568999345978 0.6928205128205128 0.03531720078482668 0.05846153846153846
0 0.5320470896010464 0.7451282051282051 0.03597122302158273 0.046153846153846156
0 0.5608240680183126 0.801025641025641 0.03858731196860693 0.04717948717948718
0 0.5313930673642904 0.6861538461538461 0.029431000654022238 0.043076923076923075
0 0.5621321124918247 0.6866666666666666 0.03597122302158273 0.052307692307692305
0 0.5627861347285807 0.7430769230769231 0.032047089601046436 0.050256410256410255
0 0.5604970568999346 0.6317948717948718 0.03531720078482668 0.04717948717948718
0 0.5624591236102028 0.5835897435897436 0.03662524525833878 0.057435897435897436
0 0.5284499672988882 0.6343589743589744 0.03662524525833878 0.06256410256410257
0 0.5284499672988882 0.48 0.032701111837802485 0.05128205128205128
0 0.5637671680837149 0.47692307692307695 0.03531720078482668 0.04512820512820513
0 0.5 0.4328205128205128 0.03466317854807063 0.04512820512820513
0 0.5650752125572269 0.4307692307692308 0.03924133420536298 0.043076923076923075
0 0.5899280575539568 0.381025641025641 0.027468933943754086 0.04
0 0.5637671680837149 0.3830769230769231 0.027468933943754086 0.048205128205128206
0 0.5951602354480052 0.7984615384615384 0.031393067364290386 0.05641025641025641
0 0.5954872465663833 0.74 0.033355134074558535 0.06051282051282051
0 0.592217135382603 0.6882051282051282 0.03466317854807063 0.04923076923076923
0 0.5935251798561151 0.6312820512820513 0.03858731196860693 0.05641025641025641
0 0.5941792020928711 0.5276923076923077 0.032047089601046436 0.046153846153846156
0 0.6223021582733813 0.3302564102564103 0.03727926749509483 0.06153846153846154
0 0.6249182472204055 0.4307692307692308 0.033355134074558535 0.05128205128205128
0 0.6249182472204055 0.4815384615384615 0.033355134074558535 0.048205128205128206
0 0.6223021582733813 0.5292307692307693 0.032047089601046436 0.04923076923076923
0 0.6268803139306737 0.5902564102564103 0.030739045127534337 0.048205128205128206
0 0.6278613472858077 0.7348717948717949 0.034009156311314584 0.05435897435897436
0 0.6258992805755396 0.8005128205128205 0.027468933943754086 0.052307692307692305
0 0.6589274035317201 0.796923076923077 0.026814911706998037 0.041025641025641026
0 0.6625245258338783 0.7384615384615385 0.02877697841726619 0.05333333333333334
0 0.6605624591236102 0.6815384615384615 0.034009156311314584 0.048205128205128206
0 0.658273381294964 0.5815384615384616 0.03727926749509483 0.04923076923076923
0 0.657619359058208 0.48205128205128206 0.03466317854807063 0.059487179487179485
0 0.6546762589928058 0.4323076923076923 0.034009156311314584 0.05435897435897436
0 0.6563113145846958 0.378974358974359 0.03989535644211903 0.048205128205128206
0 0.6533682145192936 0.3323076923076923 0.031393067364290386 0.05333333333333334
0 0.6932635709614127 0.7923076923076923 0.03793328973185088 0.05641025641025641
0 0.6929365598430347 0.7328205128205129 0.03466317854807063 0.048205128205128206
0 0.6913015042511446 0.6794871794871795 0.03793328973185088 0.050256410256410255
0 0.6899934597776325 0.6266666666666667 0.03793328973185088 0.055384615384615386
0 0.6896664486592544 0.5753846153846154 0.03727926749509483 0.06358974358974359
0 0.6886854153041203 0.5251282051282051 0.03793328973185088 0.04923076923076923
0 0.6870503597122302 0.47794871794871796 0.03466317854807063 0.05128205128205128
0 0.684107259646828 0.3384615384615385 0.02485284499672989 0.04923076923076923
0 0.7132112491824723 0.3333333333333333 0.03466317854807063 0.059487179487179485
0 0.7158273381294964 0.3851282051282051 0.03858731196860693 0.04205128205128205
0 0.7138652714192283 0.43025641025641026 0.033355134074558535 0.050256410256410255
0 0.7200784826684107 0.4748717948717949 0.03793328973185088 0.05128205128205128
0 0.7194244604316546 0.5225641025641026 0.03531720078482668 0.052307692307692305
0 0.7204054937867888 0.58 0.030739045127534337 0.05435897435897436
0 0.723675604970569 0.6333333333333333 0.03466317854807063 0.050256410256410255
0 0.7230215827338129 0.6846153846153846 0.041203400915631135 0.052307692307692305
0 0.723675604970569 0.7389743589743589 0.03989535644211903 0.05641025641025641
0 0.7256376716808371 0.7958974358974359 0.033355134074558535 0.057435897435897436
0 0.7586657946370177 0.7912820512820513 0.03531720078482668 0.06256410256410257
0 0.7586657946370177 0.737948717948718 0.03793328973185088 0.05641025641025641
0 0.7576847612818836 0.6846153846153846 0.03597122302158273 0.05435897435897436
0 0.7557226945716154 0.6323076923076923 0.03727926749509483 0.05846153846153846
0 0.750490516677567 0.58 0.03858731196860693 0.048205128205128206
0 0.750490516677567 0.48205128205128206 0.033355134074558535 0.04512820512820513
0 0.7939829954218444 0.7887179487179488 0.040549378678875085 0.06153846153846154
0 0.7903858731196861 0.7328205128205129 0.03597122302158273 0.05435897435897436
0 0.788750817527796 0.676923076923077 0.03662524525833878 0.057435897435897436
0 0.788750817527796 0.6297435897435898 0.041857423152387184 0.059487179487179485
0 0.7851536952256377 0.5764102564102564 0.03727926749509483 0.055384615384615386
0 0.7805755395683454 0.5261538461538462 0.04251144538914323 0.04923076923076923
0 0.7812295618051014 0.47846153846153844 0.04251144538914323 0.050256410256410255
0 0.7746893394375409 0.38051282051282054 0.03466317854807063 0.043076923076923075
0 0.7717462393721386 0.33794871794871795 0.03793328973185088 0.04205128205128205
0 0.828973185088293 0.7917948717948718 0.03597122302158273 0.05128205128205128
0 0.8221059516023544 0.7374358974358974 0.03531720078482668 0.05333333333333334
0 0.8198168737737083 0.6779487179487179 0.032047089601046436 0.04512820512820513
0 0.8201438848920863 0.6282051282051282 0.03531720078482668 0.048205128205128206
0 0.815565729234794 0.5769230769230769 0.032701111837802485 0.048205128205128206
0 0.8119686069326357 0.5241025641025641 0.03858731196860693 0.05333333333333334
0 0.8109875735775016 0.47435897435897434 0.032701111837802485 0.048205128205128206
0 0.8070634401569653 0.4358974358974359 0.031393067364290386 0.043076923076923075
0 0.8070634401569653 0.3353846153846154 0.04316546762589928 0.057435897435897436
0 0.8603662524525834 0.7856410256410257 0.041203400915631135 0.05333333333333334
0 0.8577501635055592 0.7338461538461538 0.04381948986265533 0.06461538461538462
0 0.855134074558535 0.681025641025641 0.03727926749509483 0.05128205128205128
0 0.8561151079136691 0.6246153846153846 0.04578155657292348 0.07179487179487179
0 0.8489208633093526 0.5769230769230769 0.034009156311314584 0.050256410256410255
0 0.8443427076520602 0.5287179487179487 0.032701111837802485 0.050256410256410255
0 0.8440156965336821 0.47384615384615386 0.041203400915631135 0.055384615384615386
0 0.842053629823414 0.4276923076923077 0.03466317854807063 0.04717948717948718
0 0.8364944408109876 0.3841025641025641 0.032701111837802485 0.052307692307692305
0 0.8655984303466318 0.381025641025641 0.03466317854807063 0.05435897435897436
0 0.8734466971877044 0.4287179487179487 0.033355134074558535 0.04512820512820513
0 0.8763897972531066 0.5312820512820513 0.032701111837802485 0.041025641025641026
0 0.8773708306082407 0.5769230769230769 0.03727926749509483 0.05846153846153846
0 0.8862001308044474 0.6317948717948718 0.03662524525833878 0.05128205128205128
0 0.8907782864617397 0.735897435897436 0.034009156311314584 0.06461538461538462
0 0.8852190974493133 0.6779487179487179 0.03858731196860693 0.05333333333333334
0 0.9260954872465664 0.7866666666666666 0.041857423152387184 0.057435897435897436
0 0.9627207325049052 0.7928205128205128 0.04316546762589928 0.05333333333333334
0 0.9215173315892741 0.7364102564102564 0.03662524525833878 0.055384615384615386
0 0.921190320470896 0.6846153846153846 0.03858731196860693 0.048205128205128206
0 0.9113799869195552 0.5779487179487179 0.03727926749509483 0.06051282051282051
0 0.8996075866579464 0.4256410256410256 0.033355134074558535 0.04512820512820513
0 0.9045127534336167 0.47333333333333333 0.040549378678875085 0.06051282051282051
0 0.9002616088947024 0.38051282051282054 0.041203400915631135 0.05333333333333334
0 0.9146500981033355 0.6333333333333333 0.04643557880967953 0.06051282051282051
0 0.07750163505559189 0.19743589743589743 0.028122956180510136 0.033846153846153845
0 0.052321778940483975 0.19282051282051282 0.02485284499672989 0.03487179487179487
0 0.029758011772400263 0.19743589743589743 0.02419882275997384 0.04
0 0.050359712230215826 0.23948717948717949 0.01962066710268149 0.027692307692307693
0 0.019947678221059514 0.11897435897435897 0.02419882275997384 0.038974358974358976
0 0.014061478090255068 0.15538461538461537 0.02419882275997384 0.029743589743589743
0 0.058207979071288427 0.15282051282051282 0.02354480052321779 0.041025641025641026
0 0.06474820143884892 0.11794871794871795 0.02485284499672989 0.03487179487179487
0 0.08763897972531066 0.11846153846153847 0.027468933943754086 0.029743589743589743
0 0.08371484630477437 0.15692307692307692 0.030085022890778287 0.043076923076923075
0 0.1510791366906475 0.25076923076923074 0.02877697841726619 0.046153846153846156
0 0.10104643557880968 0.24461538461538462 0.02289077828646174 0.04205128205128205
0 0.23512099411379986 0.12102564102564102 0.030739045127534337 0.04717948717948718
0 0.2668410725964683 0.12410256410256411 0.03662524525833878 0.05128205128205128
0 0.16873773708306083 0.11846153846153847 0.04708960104643558 0.052307692307692305
0 0.20470896010464357 0.12307692307692308 0.02223675604970569 0.03282051282051282
0 0.434597776324395 0.08871794871794872 0.03989535644211903 0.05435897435897436
0 0.31262262916939176 0.045641025641025644 0.032701111837802485 0.03794871794871795
0 0.27436232831916285 0.043076923076923075 0.028122956180510136 0.036923076923076927
0 0.24100719424460432 0.04358974358974359 0.04251144538914323 0.0441025641025641
0 0.4293655984303466 0.1712820512820513 0.03727926749509483 0.05128205128205128
0 0.37050359712230213 0.12923076923076923 0.041203400915631135 0.043076923076923075
