0 0.5562459123610203 0.764102564102564 0.026814911706998037 0.03282051282051282
0 0.37181164159581426 0.5061538461538462 0.02289077828646174 0.029743589743589743
0 0.35055591890124266 0.5061538461538462 0.01831262262916939 0.02564102564102564
0 0.34761281883584044 0.5384615384615384 0.020274689339437543 0.020512820512820513
0 0.34695879659908435 0.5656410256410257 0.020274689339437543 0.029743589743589743
0 0.34761281883584044 0.5969230769230769 0.026814911706998037 0.028717948717948718
0 0.34270765206017006 0.6241025641025642 0.02354480052321779 0.02564102564102564
0 0.34238064094179205 0.6569230769230769 0.01896664486592544 0.029743589743589743
0 0.3410725964682799 0.6897435897435897 0.020274689339437543 0.027692307692307693
0 0.33976455199476785 0.7174358974358974 0.02289077828646174 0.035897435897435895
0 0.3378024852844997 0.7517948717948718 0.02158273381294964 0.03282051282051282
0 0.33616742969260954 0.7830769230769231 0.02354480052321779 0.033846153846153845
0 0.3620013080444735 0.782051282051282 0.02419882275997384 0.029743589743589743
0 0.3620013080444735 0.7523076923076923 0.025506867233485938 0.031794871794871796
0 0.3642903858731197 0.72 0.02354480052321779 0.03076923076923077
0 0.3675604970568999 0.6892307692307692 0.031393067364290386 0.028717948717948718
0 0.36625245258338784 0.6564102564102564 0.02485284499672989 0.03487179487179487
0 0.3672334859385219 0.6256410256410256 0.02158273381294964 0.03282051282051282
0 0.368214519293656 0.5964102564102564 0.01831262262916939 0.031794871794871796
0 0.36886854153041204 0.5687179487179487 0.02485284499672989 0.033846153846153845
0 0.3724656638325703 0.5415384615384615 0.020274689339437543 0.03282051282051282
0 0.38489208633093525 0.7523076923076923 0.01896664486592544 0.033846153846153845
0 0.38750817527795944 0.7184615384615385 0.02289077828646174 0.031794871794871796
0 0.3881621975147155 0.6866666666666666 0.02419882275997384 0.027692307692307693
0 0.39143230869849577 0.6584615384615384 0.02158273381294964 0.028717948717948718
0 0.39143230869849577 0.6256410256410256 0.02158273381294964 0.03076923076923077
0 0.3924133420536298 0.5928205128205128 0.02223675604970569 0.028717948717948718
0 0.394702419882276 0.5656410256410257 0.026814911706998037 0.033846153846153845
0 0.394702419882276 0.5394871794871795 0.026814911706998037 0.028717948717948718
0 0.39601046435578807 0.5148717948717949 0.02158273381294964 0.022564102564102566
0 0.5549378678875082 0.7297435897435898 0.028122956180510136 0.031794871794871796
0 0.5559189012426422 0.6979487179487179 0.026160889470241987 0.029743589743589743
0 0.5565729234793984 0.6707692307692308 0.027468933943754086 0.02666666666666667
0 0.5549378678875082 0.637948717948718 0.025506867233485938 0.041025641025641026
0 0.5575539568345323 0.6025641025641025 0.025506867233485938 0.029743589743589743
0 0.5552648790058862 0.5733333333333334 0.020928711576193592 0.03076923076923077
0 0.5349901896664486 0.5692307692307692 0.02223675604970569 0.03487179487179487
0 0.5346631785480707 0.6061538461538462 0.02419882275997384 0.03076923076923077
0 0.5336821451929366 0.6358974358974359 0.020928711576193592 0.03076923076923077
0 0.5343361674296926 0.6676923076923077 0.01962066710268149 0.03076923076923077
0 0.5343361674296926 0.696923076923077 0.02223675604970569 0.02564102564102564
0 0.5336821451929366 0.7266666666666667 0.020928711576193592 0.04
0 0.5317200784826684 0.7630769230769231 0.01962066710268149 0.03076923076923077
0 0.486265533028123 0.7564102564102564 0.02419882275997384 0.029743589743589743
0 0.486919555264879 0.7251282051282051 0.028122956180510136 0.03282051282051282
0 0.486919555264879 0.6948717948717948 0.025506867233485938 0.031794871794871796
0 0.48724656638325703 0.6635897435897435 0.02485284499672989 0.03282051282051282
0 0.48790058862001306 0.601025641025641 0.02354480052321779 0.03076923076923077
0 0.5094833224329627 0.6035897435897436 0.01962066710268149 0.035897435897435895
0 0.5088293001962066 0.638974358974359 0.026160889470241987 0.03076923076923077
0 0.5055591890124265 0.698974358974359 0.02223675604970569 0.035897435897435895
0 0.43590582079790713 0.7523076923076923 0.02289077828646174 0.027692307692307693
0 0.41203400915631133 0.7564102564102564 0.02485284499672989 0.035897435897435895
0 0.41137998691955524 0.7220512820512821 0.02223675604970569 0.03282051282051282
0 0.41236102027468935 0.6902564102564103 0.020274689339437543 0.028717948717948718
0 0.4172661870503597 0.6584615384615384 0.02354480052321779 0.03487179487179487
0 0.4172661870503597 0.6256410256410256 0.020928711576193592 0.028717948717948718
0 0.4182472204054938 0.5958974358974359 0.01896664486592544 0.028717948717948718
0 0.4182472204054938 0.5661538461538461 0.02158273381294964 0.03282051282051282
0 0.44179202092871156 0.598974358974359 0.02158273381294964 0.024615384615384615
0 0.4411379986919555 0.6307692307692307 0.025506867233485938 0.03282051282051282
0 0.43982995421844345 0.661025641025641 0.026814911706998037 0.031794871794871796
0 0.43917593198168736 0.7266666666666667 0.028122956180510136 0.033846153846153845
0 0.43884892086330934 0.6907692307692308 0.02485284499672989 0.027692307692307693
0 0.4630477436232832 0.7251282051282051 0.02223675604970569 0.024615384615384615
0 0.46272073250490514 0.7615384615384615 0.02158273381294964 0.035897435897435895
0 0.46370176586003925 0.6676923076923077 0.026160889470241987 0.036923076923076927
0 0.4679529103989536 0.5728205128205128 0.01896664486592544 0.027692307692307693
0 0.4679529103989536 0.6056410256410256 0.020274689339437543 0.035897435897435895
0 0.23446697187704382 0.4328205128205128 0.02289077828646174 0.03076923076923077
0 0.2593198168737737 0.43641025641025644 0.02419882275997384 0.033846153846153845
0 0.29300196206671025 0.6666666666666666 0.026160889470241987 0.057435897435897436
0 0.8623283191628516 0.3082051282051282 0.01896664486592544 0.04205128205128205
0 0.8698495748855462 0.27076923076923076 0.027468933943754086 0.043076923076923075
0 0.8845650752125572 0.24564102564102563 0.025506867233485938 0.033846153846153845
0 0.8796599084368869 0.30974358974358973 0.02354480052321779 0.038974358974358976
0 0.8969914977109221 0.3117948717948718 0.02158273381294964 0.038974358974358976
0 0.893721386527142 0.2774358974358974 0.026814911706998037 0.031794871794871796
0 0.3969914977109222 0.3312820512820513 0.027468933943754086 0.038974358974358976
0 0.3368214519293656 0.3194871794871795 0.02354480052321779 0.03794871794871795
0 0.5755395683453237 0.2682051282051282 0.02485284499672989 0.048205128205128206
0 0.604970568999346 0.5682051282051283 0.03662524525833878 0.04512820512820513
0 0.6206671026814912 0.6466666666666666 0.030085022890778287 0.0441025641025641
0 0.8606932635709614 0.3728205128205128 0.02223675604970569 0.03794871794871795
0 0.7799215173315893 0.9456410256410256 0.02419882275997384 0.04512820512820513
0 0.7884238064094179 0.9046153846153846 0.02289077828646174 0.03487179487179487
0 0.8515369522563767 0.8656410256410256 0.03662524525833878 0.038974358974358976
0 0.9885546108567691 0.47384615384615386 0.02158273381294964 0.03487179487179487
0 0.48528449967298887 0.11948717948717949 0.026160889470241987 0.048205128205128206
0 0.28613472858077177 0.7625641025641026 0.029431000654022238 0.04205128205128205
0 0.22923479398299543 0.8861538461538462 0.028122956180510136 0.03487179487179487
0 0.22923479398299543 0.8569230769230769 0.028122956180510136 0.031794871794871796
0 0.5094833224329627 0.8256410256410256 0.032701111837802485 0.03487179487179487
0 0.5591890124264225 0.9076923076923077 0.02877697841726619 0.041025641025641026
0 0.13113145846958796 0.4979487179487179 0.032047089601046436 0.033846153846153845
0 0.10170045781556573 0.8533333333333334 0.030739045127534337 0.03487179487179487
0 0.25277959450621323 0.938974358974359 0.030739045127534337 0.04
0 0.5618051013734467 0.8307692307692308 0.02877697841726619 0.036923076923076927
0 0.7311968606932636 0.25025641025641027 0.051013734466971876 0.06974358974358974
0 0.7828646173969915 0.21846153846153846 0.04447351209941138 0.06564102564102564
