0 0.1801831262262917 0.35384615384615387 0.03466317854807063 0.038974358974358976
0 0.2079790712884238 0.3441025641025641 0.027468933943754086 0.031794871794871796
0 0.2380640941792021 0.3353846153846154 0.032701111837802485 0.036923076923076927
0 0.2753433616742969 0.3261538461538461 0.032701111837802485 0.036923076923076927
0 0.30183126226291696 0.321025641025641 0.030739045127534337 0.036923076923076927
0 0.24264224983649443 0.3748717948717949 0.031393067364290386 0.035897435897435895
0 0.20896010464355788 0.381025641025641 0.028122956180510136 0.04
0 0.17920209287115763 0.38871794871794874 0.020928711576193592 0.028717948717948718
0 0.17952910398953564 0.4297435897435897 0.025506867233485938 0.03076923076923077
0 0.553629823413996 0.2948717948717949 0.028122956180510136 0.035897435897435895
0 0.4264224983649444 0.28923076923076924 0.031393067364290386 0.03282051282051282
0 0.3933943754087639 0.2964102564102564 0.030739045127534337 0.038974358974358976
0 0.3345323741007194 0.3117948717948718 0.026814911706998037 0.03487179487179487
0 0.3593852190974493 0.3035897435897436 0.02158273381294964 0.041025641025641026
0 0.30739045127534337 0.36153846153846153 0.03662524525833878 0.04205128205128205
0 0.31000654022236757 0.39794871794871794 0.026160889470241987 0.041025641025641026
0 0.31262262916939176 0.44153846153846155 0.032701111837802485 0.03794871794871795
0 0.34270765206017006 0.3902564102564103 0.034009156311314584 0.04205128205128205
0 0.3407455853499019 0.3507692307692308 0.02877697841726619 0.03487179487179487
0 0.3721386527141923 0.381025641025641 0.034009156311314584 0.04
0 0.34270765206017006 0.4276923076923077 0.031393067364290386 0.041025641025641026
0 0.43100065402223675 0.3271794871794872 0.03531720078482668 0.043076923076923075
0 0.4110529758011772 0.41743589743589743 0.03597122302158273 0.041025641025641026
0 0.4048397645519948 0.3712820512820513 0.02877697841726619 0.036923076923076927
0 0.3842380640941792 0.46564102564102566 0.033355134074558535 0.043076923076923075
0 0.35873119686069327 0.5158974358974359 0.03597122302158273 0.041025641025641026
0 0.328973185088293 0.5728205128205128 0.034009156311314584 0.0441025641025641
0 0.36003924133420534 0.5641025641025641 0.030739045127534337 0.04717948717948718
0 0.36919555264879006 0.6102564102564103 0.029431000654022238 0.038974358974358976
0 0.3907782864617397 0.558974358974359 0.029431000654022238 0.04512820512820513
0 0.33649444081098756 0.6717948717948717 0.03727926749509483 0.04717948717948718
0 0.34270765206017006 0.7312820512820513 0.032701111837802485 0.07384615384615385
0 0.3783518639633748 0.7076923076923077 0.03989535644211903 0.04923076923076923
0 0.4319816873773708 0.5969230769230769 0.030739045127534337 0.04512820512820513
0 0.45225637671680835 0.49025641025641026 0.033355134074558535 0.04717948717948718
0 0.45748855461085675 0.5338461538461539 0.03858731196860693 0.048205128205128206
0 0.46893394375408765 0.5805128205128205 0.03531720078482668 0.04717948717948718
0 0.4790712884238064 0.6866666666666666 0.032047089601046436 0.05435897435897436
0 0.45062132112491826 0.7482051282051282 0.040549378678875085 0.05641025641025641
0 0.45846958796599085 0.803076923076923 0.040549378678875085 0.04717948717948718
0 0.44440810987573576 0.4087179487179487 0.032047089601046436 0.03794871794871795
0 0.4669718770438195 0.35333333333333333 0.02877697841726619 0.031794871794871796
0 0.41497710922171355 0.4584615384615385 0.029431000654022238 0.043076923076923075
0 0.4355788096795291 0.3687179487179487 0.030085022890778287 0.033846153846153845
0 0.48463047743623283 0.2712820512820513 0.034009156311314584 0.035897435897435895
0 0.45552648790058864 0.28 0.025506867233485938 0.036923076923076927
0 0.5323741007194245 0.7841025641025641 0.03662524525833878 0.048205128205128206
0 0.8659254414650098 0.2230769230769231 0.03924133420536298 0.05846153846153846
0 0.8106605624591237 0.23282051282051283 0.052975801177240024 0.06564102564102564
0 0.7442773054283846 0.2553846153846154 0.04708960104643558 0.05333333333333334
0 0.7351209941137998 0.2082051282051282 0.051013734466971876 0.04717948717948718
0 0.7815565729234794 0.4123076923076923 0.03662524525833878 0.04923076923076923
0 0.7933289731850883 0.4646153846153846 0.04316546762589928 0.055384615384615386
0 0.8126226291693918 0.4241025641025641 0.025506867233485938 0.03794871794871795
0 0.907128842380641 0.8246153846153846 0.04708960104643558 0.0758974358974359
0 0.8113145846958797 0.5256410256410257 0.041203400915631135 0.06666666666666667
0 0.9280575539568345 0.20461538461538462 0.03531720078482668 0.050256410256410255
0 0.9110529758011773 0.15487179487179487 0.04316546762589928 0.057435897435897436
0 0.25572269457161545 0.5456410256410257 0.03531720078482668 0.036923076923076927
0 0.262916939175932 0.638974358974359 0.034009156311314584 0.043076923076923075
0 0.973839110529758 0.2548717948717949 0.04708960104643558 0.06051282051282051
0 0.9087638979725311 0.5307692307692308 0.051667756703727925 0.07692307692307693
