0 0.5984303466317855 0.8753846153846154 0.030085022890778287 0.05435897435897436
0 0.4538914323086985 0.8261538461538461 0.02877697841726619 0.05846153846153846
0 0.47416612164813604 0.7389743589743589 0.02354480052321779 0.03794871794871795
0 0.4758011772400262 0.6353846153846154 0.020274689339437543 0.04
0 0.4764551994767822 0.7056410256410256 0.02419882275997384 0.02666666666666667
0 0.4267495094833224 0.8143589743589743 0.020274689339437543 0.03487179487179487
0 0.45323741007194246 0.7441025641025641 0.02354480052321779 0.035897435897435895
0 0.42871157619359057 0.7805128205128206 0.025506867233485938 0.036923076923076927
0 0.4296926095487247 0.7425641025641025 0.02354480052321779 0.03487179487179487
0 0.40418574231523874 0.7794871794871795 0.01962066710268149 0.036923076923076927
0 0.4293655984303466 0.6723076923076923 0.02158273381294964 0.031794871794871796
0 0.4542184434270765 0.6035897435897436 0.025506867233485938 0.033846153846153845
0 0.4542184434270765 0.6374358974358975 0.025506867233485938 0.035897435897435895
0 0.45552648790058864 0.6712820512820513 0.026814911706998037 0.031794871794871796
0 0.3593852190974493 0.7492307692307693 0.02158273381294964 0.048205128205128206
0 0.3855461085676913 0.7733333333333333 0.02419882275997384 0.038974358974358976
0 0.38521909744931326 0.7394871794871795 0.02354480052321779 0.03076923076923077
0 0.36265533028122954 0.7056410256410256 0.026814911706998037 0.036923076923076927
0 0.40614780902550685 0.637948717948718 0.01831262262916939 0.03282051282051282
0 0.3862001308044474 0.637948717948718 0.02158273381294964 0.041025641025641026
0 0.45552648790058864 0.5420512820512821 0.02289077828646174 0.033846153846153845
0 0.4326357096141269 0.5435897435897435 0.02289077828646174 0.03282051282051282
0 0.4319816873773708 0.5723076923076923 0.02419882275997384 0.03076923076923077
0 0.40974493132766515 0.6051282051282051 0.02158273381294964 0.03282051282051282
0 0.38783518639633746 0.6015384615384616 0.02354480052321779 0.031794871794871796
0 0.4107259646827992 0.5733333333333334 0.026160889470241987 0.03076923076923077
0 0.40941792020928713 0.541025641025641 0.02223675604970569 0.027692307692307693
0 0.3897972531066056 0.5097435897435898 0.02485284499672989 0.036923076923076927
0 0.3920863309352518 0.47846153846153844 0.026814911706998037 0.031794871794871796
0 0.39110529758011775 0.4523076923076923 0.020928711576193592 0.03282051282051282
0 0.40941792020928713 0.5117948717948718 0.02223675604970569 0.03076923076923077
0 0.368214519293656 0.48102564102564105 0.020928711576193592 0.028717948717948718
0 0.368541530412034 0.45076923076923076 0.025506867233485938 0.02564102564102564
0 0.36919555264879006 0.5117948717948718 0.02419882275997384 0.02666666666666667
0 0.36527141922825374 0.5405128205128205 0.02158273381294964 0.028717948717948718
0 0.34728580771746237 0.4512820512820513 0.020928711576193592 0.03076923076923077
0 0.32570307390451275 0.4523076923076923 0.02223675604970569 0.03487179487179487
0 0.3273381294964029 0.47794871794871796 0.026814911706998037 0.03076923076923077
0 0.32275997383911054 0.5092307692307693 0.01765860039241334 0.027692307692307693
0 0.303139306736429 0.4533333333333333 0.02158273381294964 0.03282051282051282
0 0.2815565729234794 0.4517948717948718 0.02289077828646174 0.027692307692307693
0 0.27926749509483323 0.48102564102564105 0.01831262262916939 0.020512820512820513
0 0.30052321778940483 0.5076923076923077 0.01765860039241334 0.02666666666666667
0 0.30150425114453894 0.4815384615384615 0.020928711576193592 0.029743589743589743
0 0.32014388489208634 0.6041025641025641 0.020274689339437543 0.03282051282051282
0 0.31621975147155 0.6687179487179488 0.02289077828646174 0.03076923076923077
0 0.3172007848266841 0.7097435897435898 0.026160889470241987 0.028717948717948718
0 0.34009156311314587 0.6697435897435897 0.02354480052321779 0.03282051282051282
0 0.3646173969914977 0.6405128205128205 0.02419882275997384 0.035897435897435895
0 0.3649444081098757 0.6748717948717948 0.02354480052321779 0.03487179487179487
0 0.34172661870503596 0.6087179487179487 0.01765860039241334 0.035897435897435895
0 0.34238064094179205 0.5758974358974359 0.01896664486592544 0.033846153846153845
0 0.4319816873773708 0.4523076923076923 0.02289077828646174 0.03282051282051282
0 0.4568345323741007 0.48 0.025506867233485938 0.038974358974358976
0 0.4568345323741007 0.45282051282051283 0.02419882275997384 0.031794871794871796
0 0.4780902550686723 0.4523076923076923 0.01831262262916939 0.03076923076923077
0 0.4780902550686723 0.4805128205128205 0.020928711576193592 0.02564102564102564
0 0.4764551994767822 0.5097435897435898 0.02289077828646174 0.03487179487179487
0 0.49934597776324396 0.5702564102564103 0.020274689339437543 0.028717948717948718
0 0.4754741661216481 0.8179487179487179 0.02223675604970569 0.03794871794871795
0 0.5451275343361675 0.4774358974358974 0.020274689339437543 0.03794871794871795
0 0.5977763243950295 0.7748717948717949 0.02485284499672989 0.04205128205128205
0 0.5977763243950295 0.82 0.02223675604970569 0.033846153846153845
0 0.6255722694571615 0.8179487179487179 0.025506867233485938 0.04
0 0.645192936559843 0.45487179487179485 0.030739045127534337 0.04
0 0.6890124264224984 0.6102564102564103 0.029431000654022238 0.038974358974358976
0 0.6929365598430347 0.6543589743589744 0.032047089601046436 0.04717948717948718
0 0.6968606932635709 0.7035897435897436 0.030739045127534337 0.04923076923076923
0 0.7204054937867888 0.8174358974358974 0.03727926749509483 0.057435897435897436
0 0.4058207979071288 0.7082051282051282 0.02158273381294964 0.029743589743589743
0 0.5016350555918901 0.45487179487179485 0.02485284499672989 0.029743589743589743
0 0.6860693263570962 0.44666666666666666 0.032701111837802485 0.04
0 0.7361020274689339 0.47897435897435897 0.03727926749509483 0.043076923076923075
0 0.6870503597122302 0.48615384615384616 0.03727926749509483 0.04512820512820513
0 0.7805755395683454 0.4815384615384615 0.028122956180510136 0.0441025641025641
0 0.8073904512753434 0.5010256410256411 0.030739045127534337 0.046153846153846156
0 0.8561151079136691 0.5302564102564102 0.031393067364290386 0.04923076923076923
0 0.8727926749509484 0.7061538461538461 0.03858731196860693 0.050256410256410255
0 0.7243296272073251 0.9246153846153846 0.03597122302158273 0.052307692307692305
0 0.7674950948332243 0.7194871794871794 0.03858731196860693 0.06051282051282051
0 0.7194244604316546 0.7671794871794871 0.041857423152387184 0.059487179487179485
0 0.9175931981687377 0.9251282051282051 0.040549378678875085 0.06153846153846154
0 0.8655984303466318 0.23794871794871794 0.03858731196860693 0.055384615384615386
0 0.8626553302812295 0.36615384615384616 0.032701111837802485 0.04512820512820513
0 0.9012426422498365 0.29025641025641025 0.031393067364290386 0.038974358974358976
0 0.9195552648790059 0.32153846153846155 0.03662524525833878 0.04
0 0.6913015042511446 0.5692307692307692 0.03793328973185088 0.04512820512820513
0 0.8332243296272073 0.5543589743589744 0.03662524525833878 0.048205128205128206
0 0.9146500981033355 0.8743589743589744 0.03466317854807063 0.05641025641025641
0 0.6370176586003924 0.3594871794871795 0.02354480052321779 0.031794871794871796
0 0.9359058207979072 0.6271794871794871 0.02354480052321779 0.04205128205128205
0 0.8400915631131458 0.1117948717948718 0.030739045127534337 0.036923076923076927
0 0.8263570961412688 0.44051282051282054 0.032047089601046436 0.04
0 0.8718116415958143 0.4451282051282051 0.05624591236102027 0.0758974358974359
