0 0.4587965990843689 0.8251282051282052 0.030739045127534337 0.048205128205128206
0 0.49051667756703726 0.7594871794871795 0.031393067364290386 0.048205128205128206
0 0.4643557880967953 0.7384615384615385 0.01831262262916939 0.036923076923076927
0 0.4977109221713538 0.7092307692307692 0.03531720078482668 0.052307692307692305
0 0.46631785480706345 0.6928205128205128 0.027468933943754086 0.04205128205128205
0 0.5307390451275343 0.6210256410256411 0.033355134074558535 0.05641025641025641
0 0.5009810333551341 0.6164102564102564 0.027468933943754086 0.05333333333333334
0 0.4699149771092217 0.6507692307692308 0.02419882275997384 0.0441025641025641
0 0.49542184434270764 0.658974358974359 0.030739045127534337 0.0441025641025641
0 0.5428384565075213 0.8133333333333334 0.030085022890778287 0.04717948717948718
0 0.5085022890778287 0.9405128205128205 0.030739045127534337 0.04717948717948718
0 0.4535644211903205 0.9194871794871795 0.02419882275997384 0.03794871794871795
0 0.5333551340745586 0.498974358974359 0.02419882275997384 0.04
0 0.4787442773054284 0.5205128205128206 0.030085022890778287 0.0441025641025641
0 0.4784172661870504 0.5671794871794872 0.029431000654022238 0.043076923076923075
0 0.5042511445389143 0.5702564102564103 0.026160889470241987 0.03487179487179487
0 0.45291039895356444 0.5107692307692308 0.02289077828646174 0.03487179487179487
0 0.5366252452583388 0.4492307692307692 0.030739045127534337 0.041025641025641026
0 0.45062132112491826 0.5553846153846154 0.027468933943754086 0.03794871794871795
0 0.5611510791366906 0.31846153846153846 0.027468933943754086 0.04205128205128205
0 0.48593852190974496 0.2717948717948718 0.026160889470241987 0.043076923076923075
0 0.5591890124264225 0.12923076923076923 0.032701111837802485 0.04512820512820513
0 0.5722694571615435 0.8266666666666667 0.032701111837802485 0.04923076923076923
0 0.4247874427730543 0.9569230769230769 0.03727926749509483 0.05333333333333334
0 0.17560497056899935 0.9353846153846154 0.03466317854807063 0.05128205128205128
0 0.1484630477436233 0.9158974358974359 0.027468933943754086 0.04717948717948718
0 0.2658600392413342 0.9030769230769231 0.03597122302158273 0.050256410256410255
0 0.08306082406801832 0.8297435897435897 0.034009156311314584 0.05128205128205128
0 0.5359712230215827 0.2441025641025641 0.026814911706998037 0.041025641025641026
0 0.8047743623283191 0.9348717948717948 0.03466317854807063 0.05641025641025641
0 0.6406147809025506 0.27025641025641023 0.03466317854807063 0.0441025641025641
0 0.5372792674950948 0.32153846153846155 0.026814911706998037 0.04
0 0.5120994113799869 0.07897435897435898 0.031393067364290386 0.041025641025641026
0 0.6167429692609548 0.11025641025641025 0.030085022890778287 0.04
0 0.6173969914977109 0.14974358974358976 0.031393067364290386 0.041025641025641026
0 0.6206671026814912 0.23025641025641025 0.02354480052321779 0.03794871794871795
0 0.6677567037279267 0.19743589743589743 0.031393067364290386 0.046153846153846156
0 0.6935905820797907 0.07230769230769231 0.03858731196860693 0.04205128205128205
0 0.7616088947024199 0.17692307692307693 0.033355134074558535 0.046153846153846156
0 0.7864617396991498 0.18 0.01896664486592544 0.029743589743589743
0 0.6942446043165468 0.3148717948717949 0.03597122302158273 0.043076923076923075
0 0.9829954218443427 0.6102564102564103 0.02354480052321779 0.038974358974358976
0 0.9313276651406148 0.3984615384615385 0.032701111837802485 0.050256410256410255
0 0.763570961412688 0.36512820512820515 0.025506867233485938 0.04512820512820513
0 0.749182472204055 0.5384615384615384 0.03597122302158273 0.05333333333333334
0 0.7390451275343362 0.1076923076923077 0.02223675604970569 0.038974358974358976
0 0.4143230869849575 0.8066666666666666 0.03989535644211903 0.050256410256410255
0 0.039568345323741004 0.8948717948717949 0.03466317854807063 0.05846153846153846
0 0.08829300196206671 0.8805128205128205 0.03662524525833878 0.050256410256410255
0 0.0604970568999346 0.8625641025641025 0.029431000654022238 0.041025641025641026
0 0.23054283845650753 0.8943589743589744 0.03466317854807063 0.04717948717948718
0 0.750490516677567 0.8225641025641026 0.033355134074558535 0.05128205128205128
0 0.8109875735775016 0.841025641025641 0.03531720078482668 0.059487179487179485
0 0.9267495094833225 0.8523076923076923 0.02354480052321779 0.038974358974358976
0 0.8701765860039241 0.9076923076923077 0.028122956180510136 0.059487179487179485
0 0.8678875081752779 0.5774358974358974 0.02877697841726619 0.05128205128205128
0 0.8538260300850229 0.19692307692307692 0.03597122302158273 0.04717948717948718
0 0.8858731196860693 0.3892307692307692 0.032047089601046436 0.0441025641025641
0 0.894375408763898 0.08102564102564103 0.02419882275997384 0.036923076923076927
0 0.81621975147155 0.06358974358974359 0.03662524525833878 0.04512820512820513
0 0.6595814257684761 0.03333333333333333 0.029431000654022238 0.04
0 0.5761935905820798 0.03435897435897436 0.02485284499672989 0.03794871794871795
0 0.6164159581425769 0.06923076923076923 0.033355134074558535 0.03794871794871795
0 0.6206671026814912 0.19128205128205128 0.02223675604970569 0.03794871794871795
0 0.6798561151079137 0.14102564102564102 0.02289077828646174 0.027692307692307693
0 0.5624591236102028 0.24820512820512822 0.026160889470241987 0.038974358974358976
0 0.5896010464355788 0.28974358974358977 0.04381948986265533 0.050256410256410255
0 0.6948986265533028 0.24564102564102563 0.026814911706998037 0.04205128205128205
0 0.7655330281229562 0.13794871794871794 0.025506867233485938 0.033846153846153845
0 0.9005886200130805 0.20717948717948717 0.03531720078482668 0.04717948717948718
