0 0.1419228253760628 0.7312820512820513 0.05624591236102027 0.06769230769230769
0 0.19522563767168083 0.7384615384615385 0.032047089601046436 0.057435897435897436
0 0.22825376062786135 0.7410256410256411 0.03662524525833878 0.07076923076923076
0 0.2704381948986265 0.7507692307692307 0.03858731196860693 0.06153846153846154
0 0.34728580771746237 0.7682051282051282 0.09548724656638326 0.07794871794871795
0 0.4162851536952256 0.7707692307692308 0.033355134074558535 0.07076923076923076
0 0.45454545454545453 0.7733333333333333 0.03662524525833878 0.06564102564102564
0 0.5035971223021583 0.778974358974359 0.034009156311314584 0.05846153846153846
0 0.5477436232831916 0.7871794871794872 0.04251144538914323 0.05846153846153846
0 0.6893394375408763 0.8035897435897436 0.07194244604316546 0.07487179487179488
0 0.5889470241988227 0.7887179487179488 0.03597122302158273 0.06153846153846154
0 0.6258992805755396 0.7902564102564102 0.03531720078482668 0.07487179487179488
0 0.7446043165467626 0.8128205128205128 0.030739045127534337 0.05435897435897436
0 0.7818835840418574 0.8184615384615385 0.033355134074558535 0.05333333333333334
0 0.11870503597122302 0.6015384615384616 0.060824068018312624 0.05846153846153846
0 0.20863309352517986 0.6174358974358974 0.051013734466971876 0.05128205128205128
0 0.29332897318508827 0.6287179487179487 0.05428384565075212 0.055384615384615386
0 0.38521909744931326 0.6430769230769231 0.04839764551994768 0.06358974358974359
0 0.4725310660562459 0.6553846153846153 0.06605624591236102 0.057435897435897436
0 0.7867887508175277 0.7 0.06932635709614127 0.07897435897435898
0 0.7030739045127534 0.6933333333333334 0.09679529103989536 0.09025641025641026
0 0.35055591890124266 0.44564102564102565 0.03924133420536298 0.06256410256410257
0 0.15598430346631786 0.19179487179487179 0.03466317854807063 0.055384615384615386
0 0.18312622629169392 0.14871794871794872 0.03662524525833878 0.041025641025641026
0 0.2011118378024853 0.10923076923076923 0.032047089601046436 0.048205128205128206
0 0.022563767168083716 0.43128205128205127 0.026814911706998037 0.031794871794871796
0 0.03499018966644866 0.37538461538461537 0.02158273381294964 0.04717948717948718
0 0.04905166775670373 0.3194871794871795 0.01962066710268149 0.04
0 0.06671026814911707 0.26615384615384613 0.031393067364290386 0.046153846153846156
0 0.08273381294964029 0.2123076923076923 0.02158273381294964 0.041025641025641026
0 0.10693263570961413 0.16 0.01896664486592544 0.03076923076923077
0 0.2655330281229562 0.8692307692307693 0.061478090255068674 0.09333333333333334
0 0.3862001308044474 0.9148717948717948 0.051667756703727925 0.09435897435897436
0 0.49378678875081755 0.9107692307692308 0.08240680183126227 0.11897435897435897
0 0.5846958796599084 0.9220512820512821 0.07848266841072596 0.10871794871794872
0 0.5327011118378024 0.21846153846153846 0.02289077828646174 0.03487179487179487
0 0.2815565729234794 0.45076923076923076 0.02158273381294964 0.04205128205128205
0 0.30640941792020926 0.4687179487179487 0.025506867233485938 0.038974358974358976
0 0.3001962066710268 0.5076923076923077 0.01962066710268149 0.02666666666666667
0 0.5117724002616089 0.5594871794871795 0.01896664486592544 0.033846153846153845
0 0.5448005232177894 0.5728205128205128 0.020928711576193592 0.029743589743589743
0 0.35284499672988884 0.1517948717948718 0.03466317854807063 0.041025641025641026
0 0.23577501635055592 0.20153846153846153 0.020274689339437543 0.033846153846153845
0 0.046108567691301505 0.8333333333333334 0.052975801177240024 0.06871794871794872
0 0.5820797907128843 0.22153846153846155 0.01962066710268149 0.022564102564102566
0 0.5559189012426422 0.2825641025641026 0.017004578155657292 0.02564102564102564
