0 0.6742969260954872 0.3671794871794872 0.02877697841726619 0.036923076923076927
0 0.6955526487900588 0.40717948717948715 0.033355134074558535 0.036923076923076927
0 0.5667102681491171 0.2194871794871795 0.01765860039241334 0.02666666666666667
0 0.6111837802485285 0.2205128205128205 0.026814911706998037 0.03487179487179487
0 0.5742315238718116 0.2733333333333333 0.027468933943754086 0.03794871794871795
0 0.6102027468933944 0.29846153846153844 0.032701111837802485 0.05128205128205128
0 0.6386527141922825 0.31846153846153846 0.02289077828646174 0.03794871794871795
0 0.7230215827338129 0.4348717948717949 0.02289077828646174 0.043076923076923075
0 0.5421844342707652 0.5343589743589744 0.027468933943754086 0.041025641025641026
0 0.5627861347285807 0.5769230769230769 0.032047089601046436 0.0441025641025641
0 0.4790712884238064 0.46205128205128204 0.032047089601046436 0.0441025641025641
0 0.4117069980379333 0.44564102564102565 0.032047089601046436 0.0441025641025641
0 0.4516023544800523 0.2353846153846154 0.028122956180510136 0.0441025641025641
0 0.49280575539568344 0.23435897435897435 0.028122956180510136 0.0441025641025641
0 0.5143884892086331 0.30564102564102563 0.02289077828646174 0.036923076923076927
0 0.5372792674950948 0.3282051282051282 0.02289077828646174 0.036923076923076927
0 0.5379332897318508 0.26461538461538464 0.02289077828646174 0.036923076923076927
0 0.5830608240680183 0.3528205128205128 0.02289077828646174 0.036923076923076927
0 0.5156965336821452 0.41025641025641024 0.025506867233485938 0.038974358974358976
0 0.45225637671680835 0.38666666666666666 0.025506867233485938 0.038974358974358976
0 0.4110529758011772 0.38974358974358975 0.025506867233485938 0.038974358974358976
0 0.41236102027468935 0.3312820512820513 0.025506867233485938 0.038974358974358976
0 0.43067364290385873 0.3087179487179487 0.025506867233485938 0.038974358974358976
0 0.45748855461085675 0.3302564102564103 0.029431000654022238 0.038974358974358976
0 0.5673642903858731 0.4482051282051282 0.029431000654022238 0.038974358974358976
0 0.6137998691955526 0.39692307692307693 0.029431000654022238 0.038974358974358976
0 0.5601700457815566 0.40615384615384614 0.029431000654022238 0.038974358974358976
0 0.5902550686723349 0.5415384615384615 0.029431000654022238 0.038974358974358976
0 0.6137998691955526 0.5107692307692308 0.029431000654022238 0.038974358974358976
0 0.6288423806409418 0.5507692307692308 0.029431000654022238 0.038974358974358976
0 0.6288423806409418 0.678974358974359 0.029431000654022238 0.038974358974358976
0 0.6733158927403532 0.6246153846153846 0.029431000654022238 0.038974358974358976
0 0.7001308044473512 0.4748717948717949 0.029431000654022238 0.038974358974358976
0 0.7190974493132767 0.6092307692307692 0.029431000654022238 0.038974358974358976
0 0.658273381294964 0.46564102564102566 0.029431000654022238 0.038974358974358976
0 0.6706998037933289 0.7574358974358975 0.032047089601046436 0.050256410256410255
0 0.7459123610202747 0.7348717948717949 0.032047089601046436 0.050256410256410255
0 0.8067364290385873 0.6343589743589744 0.032047089601046436 0.050256410256410255
0 0.7622629169391759 0.5738461538461539 0.032047089601046436 0.050256410256410255
0 0.4130150425114454 0.23435897435897435 0.025506867233485938 0.0441025641025641
0 0.3829300196206671 0.26 0.025506867233485938 0.0441025641025641
0 0.17037279267495095 0.2569230769230769 0.025506867233485938 0.0441025641025641
0 0.1353826030085023 0.2948717948717949 0.020928711576193592 0.033846153846153845
0 0.1000654022236756 0.35846153846153844 0.020928711576193592 0.033846153846153845
0 0.05493786788750817 0.42102564102564105 0.020928711576193592 0.033846153846153845
0 0.14650098103335513 0.3594871794871795 0.02354480052321779 0.027692307692307693
0 0.18116415958142576 0.32666666666666666 0.02354480052321779 0.027692307692307693
0 0.11510791366906475 0.43435897435897436 0.03662524525833878 0.035897435897435895
0 0.34270765206017006 0.5307692307692308 0.026160889470241987 0.033846153846153845
0 0.36363636363636365 0.4948717948717949 0.026160889470241987 0.033846153846153845
0 0.3299542184434271 0.3374358974358974 0.028122956180510136 0.043076923076923075
0 0.28351863963374757 0.38769230769230767 0.028122956180510136 0.043076923076923075
0 0.3463047743623283 0.4153846153846154 0.028122956180510136 0.043076923076923075
0 0.5824068018312623 0.6707692307692308 0.028122956180510136 0.043076923076923075
0 0.23381294964028776 0.4523076923076923 0.028122956180510136 0.043076923076923075
0 0.20470896010464357 0.5451282051282051 0.02877697841726619 0.050256410256410255
0 0.18378024852844996 0.5082051282051282 0.02877697841726619 0.050256410256410255
0 0.28776978417266186 0.6558974358974359 0.02877697841726619 0.050256410256410255
0 0.33355134074558535 0.6517948717948718 0.02877697841726619 0.050256410256410255
0 0.4107259646827992 0.5697435897435897 0.02877697841726619 0.050256410256410255
0 0.43623283191628515 0.5297435897435897 0.02877697841726619 0.050256410256410255
0 0.368214519293656 0.6312820512820513 0.02877697841726619 0.050256410256410255
0 0.2393721386527142 0.7287179487179487 0.02877697841726619 0.050256410256410255
0 0.17593198168737736 0.6928205128205128 0.02877697841726619 0.050256410256410255
0 0.1236102027468934 0.6353846153846154 0.02877697841726619 0.050256410256410255
0 0.1026814911706998 0.6025641025641025 0.02877697841726619 0.050256410256410255
0 0.08567691301504252 0.5266666666666666 0.02877697841726619 0.050256410256410255
0 0.1379986919555265 0.5123076923076924 0.02877697841726619 0.050256410256410255
0 0.29594506213211247 0.48615384615384616 0.02289077828646174 0.038974358974358976
0 0.2514715500327011 0.5405128205128205 0.02289077828646174 0.038974358974358976
0 0.2782864617396992 0.4523076923076923 0.02289077828646174 0.038974358974358976
0 0.24558534990189668 0.6035897435897436 0.028122956180510136 0.04
0 0.21680837148463047 0.6364102564102564 0.028122956180510136 0.04
0 0.20830608240680182 0.18 0.028122956180510136 0.04
0 0.6746239372138653 0.6805128205128205 0.028122956180510136 0.04
0 0.7020928711576193 0.7984615384615384 0.028122956180510136 0.04
0 0.7616088947024199 0.5051282051282051 0.028122956180510136 0.04
0 0.8054283845650753 0.5051282051282051 0.028122956180510136 0.04
0 0.828973185088293 0.541025641025641 0.028122956180510136 0.04
0 0.8538260300850229 0.5687179487179487 0.028122956180510136 0.04
0 0.9329627207325049 0.13897435897435897 0.03597122302158273 0.05435897435897436
0 0.947351209941138 0.5492307692307692 0.03597122302158273 0.05435897435897436
0 0.46926095487246566 0.8671794871794872 0.03597122302158273 0.05435897435897436
0 0.6962066710268149 0.8723076923076923 0.03597122302158273 0.05435897435897436
0 0.7962720732504905 0.9625641025641025 0.03597122302158273 0.05435897435897436
0 0.9032047089601046 0.8369230769230769 0.04970568999345978 0.0758974358974359
0 0.895029431000654 0.9015384615384615 0.032047089601046436 0.04717948717948718
0 0.8701765860039241 0.9405128205128205 0.032047089601046436 0.04717948717948718
0 0.7465663832570307 0.8871794871794871 0.032047089601046436 0.04717948717948718
0 0.7956180510137345 0.742051282051282 0.03989535644211903 0.050256410256410255
0 0.02714192282537606 0.6056410256410256 0.03989535644211903 0.048205128205128206
0 0.8924133420536299 0.52 0.026814911706998037 0.03282051282051282
0 0.8741007194244604 0.798974358974359 0.026814911706998037 0.03282051282051282
0 0.2809025506867234 0.7287179487179487 0.029431000654022238 0.03794871794871795
0 0.6285153695225638 0.6112820512820513 0.02485284499672989 0.041025641025641026
0 0.7204054937867888 0.6953846153846154 0.03727926749509483 0.043076923076923075
0 0.8116415958142577 0.7020512820512821 0.034009156311314584 0.035897435897435895
0 0.762589928057554 0.6353846153846154 0.03793328973185088 0.046153846153846156
0 0.17069980379332897 0.6241025641025642 0.03793328973185088 0.046153846153846156
0 0.14682799215173317 0.25794871794871793 0.026814911706998037 0.027692307692307693
0 0.15860039241334206 0.19025641025641027 0.026814911706998037 0.027692307692307693
0 0.2567037279267495 0.1717948717948718 0.026814911706998037 0.027692307692307693
0 0.19784172661870503 0.26 0.026814911706998037 0.027692307692307693
0 0.06507521255722695 0.3851282051282051 0.026814911706998037 0.027692307692307693
0 0.12295618051013735 0.6928205128205128 0.03793328973185088 0.046153846153846156
0 0.23871811641595814 0.8066666666666666 0.03793328973185088 0.046153846153846156
0 0.2053629823413996 0.7697435897435897 0.034009156311314584 0.048205128205128206
0 0.28875081752779597 0.5907692307692308 0.029431000654022238 0.041025641025641026
0 0.3145846958796599 0.5564102564102564 0.031393067364290386 0.033846153846153845
0 0.3708306082406802 0.33179487179487177 0.034009156311314584 0.0441025641025641
0 0.4810333551340746 0.2969230769230769 0.028122956180510136 0.03794871794871795
0 0.4816873773708306 0.4128205128205128 0.028122956180510136 0.03794871794871795
0 0.4807063440156965 0.5333333333333333 0.031393067364290386 0.04512820512820513
0 0.41792020928711576 0.6584615384615384 0.031393067364290386 0.04512820512820513
0 0.6916285153695225 0.941025641025641 0.03727926749509483 0.050256410256410255
0 0.7485284499672988 0.958974358974359 0.029431000654022238 0.041025641025641026
0 0.94865925441465 0.6625641025641026 0.029431000654022238 0.041025641025641026
0 0.2884238064094179 0.04153846153846154 0.020928711576193592 0.02564102564102564
0 0.6357096141268803 0.3687179487179487 0.020928711576193592 0.02564102564102564
0 0.6124918247220406 0.4533333333333333 0.028122956180510136 0.04512820512820513
0 0.5650752125572269 0.5025641025641026 0.031393067364290386 0.041025641025641026
0 0.7217135382603008 0.561025641025641 0.030739045127534337 0.043076923076923075
0 0.6913015042511446 0.5887179487179487 0.02354480052321779 0.028717948717948718
0 0.6520601700457815 0.5815384615384616 0.02354480052321779 0.03282051282051282
0 0.6621975147155004 0.5307692307692308 0.030739045127534337 0.0441025641025641
0 0.8031393067364291 0.5666666666666667 0.026160889470241987 0.029743589743589743
0 0.8508829300196207 0.64 0.030085022890778287 0.043076923076923075
0 0.7429692609548725 0.816923076923077 0.040549378678875085 0.05846153846153846
0 0.8260300850228908 0.9353846153846154 0.02223675604970569 0.03487179487179487
0 0.8456507521255723 0.9733333333333334 0.02223675604970569 0.03487179487179487
0 0.9110529758011773 0.39282051282051283 0.02223675604970569 0.03487179487179487
0 0.5310660562459124 0.8071794871794872 0.02223675604970569 0.03487179487179487
0 0.1406147809025507 0.3912820512820513 0.027468933943754086 0.027692307692307693
0 0.11118378024852844 0.3994871794871795 0.027468933943754086 0.027692307692307693
0 0.5052321778940484 0.17743589743589744 0.05559189012426422 0.04923076923076923
0 0.6497710922171354 0.18564102564102564 0.05559189012426422 0.05333333333333334
0 0.6536952256376717 0.24153846153846154 0.04643557880967953 0.04205128205128205
