0 0.08338783518639634 0.26 0.01896664486592544 0.029743589743589743
0 0.07390451275343361 0.28923076923076924 0.020928711576193592 0.024615384615384615
0 0.04937867887508175 0.35794871794871796 0.01896664486592544 0.028717948717948718
0 0.02877697841726619 0.2671794871794872 0.027468933943754086 0.03794871794871795
0 0.04316546762589928 0.23282051282051283 0.026160889470241987 0.03487179487179487
0 0.0552648790058862 0.20256410256410257 0.02158273381294964 0.033846153846153845
0 0.07717462393721386 0.21333333333333335 0.02223675604970569 0.03487179487179487
0 0.038260300850228905 0.31333333333333335 0.028122956180510136 0.03794871794871795
0 0.38489208633093525 0.2117948717948718 0.028122956180510136 0.035897435897435895
0 0.684107259646828 0.4 0.026160889470241987 0.04512820512820513
0 0.6808371484630478 0.4379487179487179 0.02354480052321779 0.043076923076923075
0 0.6775670372792675 0.48 0.032701111837802485 0.04717948717948718
0 0.6536952256376717 0.3933333333333333 0.02158273381294964 0.04205128205128205
0 0.6533682145192936 0.4297435897435897 0.030085022890778287 0.043076923076923075
0 0.6481360366252452 0.4687179487179487 0.02223675604970569 0.043076923076923075
0 0.6461739699149771 0.5092307692307693 0.02223675604970569 0.04205128205128205
0 0.6667756703727927 0.5543589743589744 0.02158273381294964 0.03794871794871795
0 0.6412688031393068 0.5492307692307692 0.02289077828646174 0.03794871794871795
0 0.6396337475474166 0.5897435897435898 0.02485284499672989 0.05128205128205128
0 0.6654676258992805 0.5943589743589743 0.025506867233485938 0.04
0 0.6324395029431 0.35025641025641024 0.02485284499672989 0.031794871794871796
0 0.5735775016350556 0.41333333333333333 0.02354480052321779 0.041025641025641026
0 0.5994113799869195 0.41743589743589743 0.02289077828646174 0.03487179487179487
0 0.6033355134074558 0.38 0.02419882275997384 0.04
0 0.6268803139306737 0.42153846153846153 0.02289077828646174 0.04717948717948718
0 0.5817527795945062 0.33692307692307694 0.028122956180510136 0.04
0 0.44931327665140613 0.3374358974358974 0.031393067364290386 0.041025641025641026
0 0.4751471550032701 0.34307692307692306 0.020274689339437543 0.04205128205128205
0 0.3924133420536298 0.36102564102564105 0.02223675604970569 0.036923076923076927
0 0.36657946370176586 0.35794871794871796 0.020274689339437543 0.041025641025641026
0 0.34270765206017006 0.3487179487179487 0.02354480052321779 0.03487179487179487
0 0.3172007848266841 0.34717948717948716 0.027468933943754086 0.04205128205128205
0 0.29005886200130804 0.33897435897435896 0.020274689339437543 0.03794871794871795
0 0.2815565729234794 0.37333333333333335 0.020274689339437543 0.03282051282051282
0 0.275670372792675 0.4107692307692308 0.01896664486592544 0.03794871794871795
0 0.3090255068672335 0.37846153846153846 0.025506867233485938 0.036923076923076927
0 0.3355134074558535 0.38871794871794874 0.02223675604970569 0.03487179487179487
0 0.3590582079790713 0.38974358974358975 0.020928711576193592 0.03487179487179487
0 0.38750817527795944 0.4035897435897436 0.02419882275997384 0.04
0 0.43655984303466316 0.4128205128205128 0.02158273381294964 0.035897435897435895
0 0.4198822759973839 0.36974358974358973 0.014388489208633094 0.04
0 0.34663178548070633 0.3117948717948718 0.020928711576193592 0.03076923076923077
0 0.3250490516677567 0.30564102564102563 0.020928711576193592 0.028717948717948718
0 0.3731196860693264 0.3169230769230769 0.020274689339437543 0.036923076923076927
0 0.3996075866579464 0.3251282051282051 0.026160889470241987 0.038974358974358976
0 0.40680183126226294 0.2594871794871795 0.02877697841726619 0.043076923076923075
0 0.4594506213211249 0.23333333333333334 0.02419882275997384 0.031794871794871796
0 0.27141922825376064 0.4471794871794872 0.02354480052321779 0.028717948717948718
0 0.3051013734466972 0.41384615384615386 0.030739045127534337 0.035897435897435895
0 0.25506867233485936 0.5246153846153846 0.02354480052321779 0.048205128205128206
0 0.28482668410725964 0.5343589743589744 0.028122956180510136 0.04512820512820513
0 0.31000654022236757 0.5415384615384615 0.02485284499672989 0.041025641025641026
0 0.3384565075212557 0.5476923076923077 0.029431000654022238 0.04512820512820513
0 0.36363636363636365 0.5564102564102564 0.020928711576193592 0.035897435897435895
0 0.39012426422498364 0.5671794871794872 0.026814911706998037 0.04512820512820513
0 0.39633747547416615 0.5225641025641026 0.026160889470241987 0.04205128205128205
0 0.34434270765206015 0.5076923076923077 0.026814911706998037 0.038974358974358976
0 0.31785480706344016 0.498974358974359 0.01831262262916939 0.035897435897435895
0 0.28875081752779597 0.49435897435897436 0.01765860039241334 0.028717948717948718
0 0.3515369522563767 0.47025641025641024 0.01765860039241334 0.03794871794871795
0 0.37704381948986265 0.4748717948717949 0.026814911706998037 0.03487179487179487
0 0.4296926095487247 0.4897435897435897 0.02223675604970569 0.03794871794871795
0 0.46010464355788094 0.45282051282051283 0.029431000654022238 0.04
0 0.48234139960758665 0.5087179487179487 0.028122956180510136 0.04717948717948718
0 0.49051667756703726 0.4287179487179487 0.020928711576193592 0.043076923076923075
0 0.49574885546108566 0.3892307692307692 0.01962066710268149 0.03794871794871795
0 0.4686069326357096 0.38256410256410256 0.02289077828646174 0.028717948717948718
0 0.486592544146501 0.4646153846153846 0.02485284499672989 0.038974358974358976
0 0.5219097449313277 0.39692307692307693 0.02485284499672989 0.04512820512820513
0 0.551994767822106 0.36666666666666664 0.026160889470241987 0.03794871794871795
0 0.5255068672334859 0.358974358974359 0.026814911706998037 0.041025641025641026
0 0.5058862001308044 0.31846153846153846 0.028122956180510136 0.04
0 0.45062132112491826 0.5374358974358975 0.02223675604970569 0.041025641025641026
0 0.4221713538260301 0.5292307692307693 0.025506867233485938 0.041025641025641026
0 0.2488554610856769 0.5671794871794872 0.02289077828646174 0.036923076923076927
0 0.5637671680837149 0.5256410256410257 0.026160889470241987 0.035897435897435895
0 0.5680183126226291 0.4841025641025641 0.02419882275997384 0.041025641025641026
0 0.5964682799215173 0.49230769230769234 0.031393067364290386 0.03487179487179487
0 0.6157619359058208 0.538974358974359 0.020274689339437543 0.033846153846153845
0 0.6154349247874428 0.538974358974359 0.02485284499672989 0.04
0 0.275670372792675 0.5779487179487179 0.029431000654022238 0.035897435897435895
0 0.30379332897318506 0.5825641025641025 0.025506867233485938 0.036923076923076927
0 0.3332243296272073 0.5923076923076923 0.026814911706998037 0.04205128205128205
0 0.38194898626553303 0.6046153846153847 0.02485284499672989 0.0441025641025641
0 0.4110529758011772 0.6112820512820513 0.025506867233485938 0.038974358974358976
0 0.44015696533682147 0.6194871794871795 0.02354480052321779 0.043076923076923075
0 0.4699149771092217 0.6323076923076923 0.02289077828646174 0.048205128205128206
0 0.4934597776324395 0.6405128205128205 0.032047089601046436 0.050256410256410255
0 0.5294310006540223 0.6030769230769231 0.025506867233485938 0.04923076923076923
0 0.5317200784826684 0.56 0.02485284499672989 0.043076923076923075
0 0.5039241334205363 0.5523076923076923 0.028122956180510136 0.0441025641025641
0 0.4774362328319163 0.5446153846153846 0.026160889470241987 0.038974358974358976
0 0.2419882275997384 0.6117948717948718 0.027468933943754086 0.035897435897435895
0 0.26782210595160233 0.6215384615384615 0.028122956180510136 0.03487179487179487
0 0.2315238718116416 0.6574358974358975 0.02354480052321779 0.04512820512820513
0 0.3116415958142577 0.7194871794871794 0.032047089601046436 0.050256410256410255
0 0.3724656638325703 0.6933333333333334 0.030739045127534337 0.041025641025641026
0 0.40091563113145845 0.6974358974358974 0.02485284499672989 0.038974358974358976
0 0.3198168737737083 0.6758974358974359 0.031393067364290386 0.04717948717948718
0 0.4224983649444081 0.7502564102564102 0.026160889470241987 0.04
0 0.39012426422498364 0.7882051282051282 0.033355134074558535 0.04205128205128205
0 0.44767822105951605 0.8071794871794872 0.02419882275997384 0.043076923076923075
0 0.5143884892086331 0.7338461538461538 0.026814911706998037 0.048205128205128206
0 0.5477436232831916 0.6964102564102564 0.02289077828646174 0.04512820512820513
0 0.5752125572269458 0.7020512820512821 0.029431000654022238 0.052307692307692305
0 0.6010464355788097 0.7112820512820512 0.02485284499672989 0.048205128205128206
0 0.6301504251144538 0.7241025641025641 0.026814911706998037 0.04717948717948718
0 0.5820797907128843 0.6169230769230769 0.026160889470241987 0.046153846153846156
0 0.552648790058862 0.6112820512820513 0.02223675604970569 0.043076923076923075
0 0.5356442119032047 0.5230769230769231 0.02485284499672989 0.041025641025641026
0 0.514061478090255 0.47384615384615386 0.02485284499672989 0.04512820512820513
0 0.538587311968607 0.4794871794871795 0.028122956180510136 0.04
0 0.5176586003924133 0.43128205128205127 0.025506867233485938 0.04
0 0.6206671026814912 0.8061538461538461 0.032701111837802485 0.04717948717948718
0 0.5748855461085677 0.8420512820512821 0.020928711576193592 0.04717948717948718
0 0.5631131458469588 0.7876923076923077 0.02877697841726619 0.036923076923076927
0 0.48005232177894047 0.7702564102564102 0.030085022890778287 0.04512820512820513
0 0.9502943100065402 0.5887179487179487 0.02354480052321779 0.038974358974358976
0 0.9372138652714193 0.6641025641025641 0.02877697841726619 0.05435897435897436
0 0.7285807717462394 0.27384615384615385 0.06540222367560497 0.11282051282051282
0 0.9404839764551994 0.5138461538461538 0.02485284499672989 0.04512820512820513
