0 0.8270111183780249 0.32256410256410256 0.016350555918901243 0.031794871794871796
0 0.8306082406801831 0.28615384615384615 0.017004578155657292 0.028717948717948718
0 0.8319162851536952 0.2523076923076923 0.017004578155657292 0.028717948717948718
0 0.7743623283191629 0.3087179487179487 0.017004578155657292 0.028717948717948718
0 0.8051013734466972 0.28512820512820514 0.017004578155657292 0.028717948717948718
0 0.8011772400261609 0.31076923076923074 0.017004578155657292 0.024615384615384615
0 0.7992151733158928 0.34615384615384615 0.031393067364290386 0.048205128205128206
0 0.7511445389143231 0.2651282051282051 0.028122956180510136 0.04205128205128205
0 0.7256376716808371 0.258974358974359 0.01896664486592544 0.031794871794871796
0 0.7217135382603008 0.2866666666666667 0.02158273381294964 0.027692307692307693
0 0.7462393721386528 0.33487179487179486 0.01962066710268149 0.031794871794871796
0 0.6720078482668411 0.27282051282051284 0.02419882275997384 0.03487179487179487
0 0.6481360366252452 0.2692307692307692 0.020928711576193592 0.031794871794871796
0 0.6206671026814912 0.26 0.02877697841726619 0.04205128205128205
0 0.5935251798561151 0.25076923076923074 0.025506867233485938 0.031794871794871796
0 0.5997383911052976 0.21794871794871795 0.02223675604970569 0.035897435897435895
0 0.6245912361020275 0.22256410256410256 0.027468933943754086 0.038974358974358976
0 0.6510791366906474 0.23846153846153847 0.02289077828646174 0.033846153846153845
0 0.6765860039241334 0.24717948717948718 0.025506867233485938 0.028717948717948718
0 0.7815565729234794 0.27025641025641023 0.032701111837802485 0.048205128205128206
0 0.880967952910399 0.1558974358974359 0.041857423152387184 0.0882051282051282
0 0.7648790058862002 0.4123076923076923 0.025506867233485938 0.043076923076923075
0 0.7701111837802486 0.3748717948717949 0.030739045127534337 0.046153846153846156
0 0.7174623937213865 0.3630769230769231 0.027468933943754086 0.04512820512820513
0 0.6890124264224984 0.35128205128205126 0.028122956180510136 0.04205128205128205
0 0.5627861347285807 0.27487179487179486 0.029431000654022238 0.04923076923076923
0 0.5568999345977763 0.31333333333333335 0.020274689339437543 0.02564102564102564
0 0.7890778286461739 0.46102564102564103 0.03466317854807063 0.048205128205128206
0 0.6654676258992805 0.7656410256410257 0.01896664486592544 0.02358974358974359
0 0.6415958142576847 0.7574358974358975 0.020928711576193592 0.035897435897435895
0 0.6353826030085022 0.7964102564102564 0.02419882275997384 0.03794871794871795
0 0.6066056245912361 0.7846153846153846 0.016350555918901243 0.03282051282051282
0 0.6069326357096141 0.7441025641025641 0.015696533682145193 0.027692307692307693
0 0.5732504905166775 0.7748717948717949 0.020274689339437543 0.031794871794871796
0 0.5801177240026161 0.7384615384615385 0.02485284499672989 0.038974358974358976
0 0.5454545454545454 0.7876923076923077 0.026160889470241987 0.059487179487179485
0 0.55134074558535 0.7246153846153847 0.02485284499672989 0.04
0 0.5219097449313277 0.7215384615384616 0.01962066710268149 0.033846153846153845
0 0.5173315892740353 0.76 0.01831262262916939 0.028717948717948718
0 0.5143884892086331 0.7928205128205128 0.01765860039241334 0.028717948717948718
0 0.6160889470241988 0.698974358974359 0.027468933943754086 0.052307692307692305
0 0.5873119686069327 0.6928205128205128 0.015696533682145193 0.02564102564102564
0 0.565729234793983 0.6841025641025641 0.027468933943754086 0.04717948717948718
0 0.5333551340745586 0.6697435897435897 0.026814911706998037 0.036923076923076927
0 0.5415304120340092 0.6323076923076923 0.017004578155657292 0.02358974358974359
0 0.5150425114453892 0.6133333333333333 0.01896664486592544 0.03076923076923077
0 0.5703073904512753 0.6384615384615384 0.026160889470241987 0.035897435897435895
0 0.5945062132112492 0.6466666666666666 0.020928711576193592 0.033846153846153845
0 0.6245912361020275 0.6533333333333333 0.030085022890778287 0.043076923076923075
0 0.6533682145192936 0.6656410256410257 0.02877697841726619 0.043076923076923075
0 0.644211903204709 0.7097435897435898 0.02485284499672989 0.04512820512820513
0 0.6782210595160235 0.718974358974359 0.030085022890778287 0.055384615384615386
0 0.7750163505559189 0.6210256410256411 0.014388489208633094 0.031794871794871796
0 0.5170045781556573 0.581025641025641 0.02158273381294964 0.029743589743589743
0 0.5483976455199476 0.5866666666666667 0.01896664486592544 0.036923076923076927
0 0.5748855461085677 0.5964102564102564 0.027468933943754086 0.035897435897435895
0 0.6272073250490516 0.6143589743589744 0.02223675604970569 0.038974358974358976
0 0.6536952256376717 0.622051282051282 0.02419882275997384 0.04205128205128205
0 0.6867233485938522 0.5897435897435898 0.02223675604970569 0.03282051282051282
0 0.7155003270111184 0.6061538461538462 0.02354480052321779 0.03282051282051282
0 0.7416612164813604 0.6558974358974359 0.02877697841726619 0.046153846153846156
0 0.5245258338783518 0.5425641025641026 0.02485284499672989 0.04923076923076923
0 0.55297580117724 0.5507692307692308 0.025506867233485938 0.041025641025641026
0 0.579136690647482 0.5543589743589744 0.025506867233485938 0.0441025641025641
0 0.6069326357096141 0.5651282051282052 0.030085022890778287 0.05128205128205128
0 0.6363636363636364 0.5671794871794872 0.02877697841726619 0.04923076923076923
0 0.6608894702419882 0.5805128205128205 0.015042511445389144 0.03282051282051282
0 0.710595160235448 0.6461538461538462 0.032047089601046436 0.05333333333333334
0 0.5333551340745586 0.498974358974359 0.032047089601046436 0.050256410256410255
0 0.5595160235448006 0.5056410256410256 0.026814911706998037 0.055384615384615386
0 0.5869849574885546 0.5164102564102564 0.026814911706998037 0.0441025641025641
0 0.566056245912361 0.4338461538461538 0.02289077828646174 0.038974358974358976
0 0.5444735120994114 0.418974358974359 0.02289077828646174 0.033846153846153845
0 0.5441465009810333 0.38564102564102565 0.020928711576193592 0.03487179487179487
0 0.5729234793982996 0.39794871794871794 0.030085022890778287 0.043076923076923075
0 0.6729888816219751 0.5005128205128205 0.030085022890778287 0.041025641025641026
0 0.6615434924787443 0.5379487179487179 0.028122956180510136 0.04
0 0.6945716154349247 0.5564102564102564 0.030085022890778287 0.050256410256410255
0 0.7040549378678875 0.47846153846153844 0.028122956180510136 0.04205128205128205
0 0.73675604970569 0.44051282051282054 0.026814911706998037 0.04205128205128205
0 0.6255722694571615 0.4087179487179487 0.028122956180510136 0.0441025641025641
0 0.619032047089601 0.4876923076923077 0.030739045127534337 0.052307692307692305
0 0.6592544146500982 0.38153846153846155 0.026160889470241987 0.04512820512820513
0 0.6357096141268803 0.3364102564102564 0.034009156311314584 0.04923076923076923
0 0.5552648790058862 0.3487179487179487 0.030085022890778287 0.043076923076923075
0 0.7517985611510791 0.5328205128205128 0.02158273381294964 0.035897435897435895
0 0.8570961412688032 0.24512820512820513 0.02289077828646174 0.038974358974358976
0 0.9810333551340745 0.2835897435897436 0.03662524525833878 0.07076923076923076
0 0.8901242642249837 0.6317948717948718 0.040549378678875085 0.0841025641025641
0 0.460431654676259 0.7861538461538462 0.017004578155657292 0.02564102564102564
0 0.4385219097449313 0.7758974358974359 0.01896664486592544 0.027692307692307693
0 0.4156311314584696 0.7646153846153846 0.020274689339437543 0.027692307692307693
0 0.3933943754087639 0.7548717948717949 0.01896664486592544 0.03076923076923077
0 0.37050359712230213 0.7482051282051282 0.020274689339437543 0.03794871794871795
0 0.34990189666448657 0.7425641025641025 0.02485284499672989 0.036923076923076927
0 0.3247220405493787 0.7328205128205129 0.02158273381294964 0.035897435897435895
0 0.302812295618051 0.721025641025641 0.020928711576193592 0.03076923076923077
0 0.2802485284499673 0.7164102564102565 0.01765860039241334 0.035897435897435895
0 0.25768476128188356 0.7117948717948718 0.02485284499672989 0.038974358974358976
0 0.23479398299542184 0.6994871794871795 0.01962066710268149 0.041025641025641026
0 0.21124918247220406 0.6897435897435897 0.02877697841726619 0.0441025641025641
0 0.4944408109875736 0.7507692307692307 0.01831262262916939 0.036923076923076927
0 0.4686069326357096 0.7441025641025641 0.02289077828646174 0.033846153846153845
0 0.44669718770438194 0.7338461538461538 0.01962066710268149 0.033846153846153845
0 0.4234793982995422 0.7251282051282051 0.020274689339437543 0.041025641025641026
0 0.40124264224983647 0.7153846153846154 0.02158273381294964 0.031794871794871796
0 0.37704381948986265 0.7097435897435898 0.01765860039241334 0.03076923076923077
0 0.35578809679529105 0.6994871794871795 0.01962066710268149 0.028717948717948718
0 0.33093525179856115 0.6912820512820513 0.01962066710268149 0.03282051282051282
0 0.30935251798561153 0.6825641025641026 0.01831262262916939 0.027692307692307693
0 0.2854807063440157 0.6712820512820513 0.01896664486592544 0.027692307692307693
0 0.26520601700457813 0.6646153846153846 0.02158273381294964 0.03487179487179487
0 0.24362328319162851 0.6553846153846153 0.02158273381294964 0.036923076923076927
0 0.22171353826030085 0.6451282051282051 0.02223675604970569 0.041025641025641026
0 0.19784172661870503 0.6415384615384615 0.020274689339437543 0.04
0 0.1775670372792675 0.6328205128205128 0.02289077828646174 0.038974358974358976
0 0.15598430346631786 0.6241025641025642 0.02419882275997384 0.04
0 0.13472858077174624 0.6148717948717949 0.026160889470241987 0.04205128205128205
0 0.1118378024852845 0.6046153846153847 0.02223675604970569 0.033846153846153845
0 0.08862001308044473 0.5948717948717949 0.01765860039241334 0.03487179487179487
0 0.4977109221713538 0.7066666666666667 0.01831262262916939 0.03076923076923077
0 0.47678221059516024 0.701025641025641 0.01962066710268149 0.033846153846153845
0 0.4535644211903205 0.6876923076923077 0.01896664486592544 0.029743589743589743
0 0.43067364290385873 0.6805128205128205 0.020274689339437543 0.029743589743589743
0 0.408436886854153 0.6738461538461539 0.020274689339437543 0.03487179487179487
0 0.38489208633093525 0.6646153846153846 0.020274689339437543 0.03076923076923077
0 0.3616742969260955 0.6548717948717949 0.02223675604970569 0.035897435897435895
0 0.3384565075212557 0.6415384615384615 0.016350555918901243 0.029743589743589743
0 0.31785480706344016 0.642051282051282 0.020928711576193592 0.03076923076923077
0 0.29332897318508827 0.6312820512820513 0.01896664486592544 0.04
0 0.2707652060170046 0.6210256410256411 0.01962066710268149 0.035897435897435895
0 0.25016350555918904 0.6133333333333333 0.020274689339437543 0.03487179487179487
0 0.22792674950948333 0.6066666666666667 0.02158273381294964 0.031794871794871796
0 0.20568999345977762 0.598974358974359 0.020274689339437543 0.02666666666666667
0 0.18443427076520602 0.5902564102564103 0.020928711576193592 0.031794871794871796
0 0.16546762589928057 0.5825641025641025 0.02354480052321779 0.038974358974358976
0 0.1435578809679529 0.5748717948717949 0.01896664486592544 0.035897435897435895
0 0.1223021582733813 0.5676923076923077 0.026160889470241987 0.027692307692307693
0 0.0987573577501635 0.556923076923077 0.01962066710268149 0.03282051282051282
0 0.07750163505559189 0.5533333333333333 0.02289077828646174 0.035897435897435895
0 0.5045781556572924 0.6625641025641026 0.01765860039241334 0.03076923076923077
0 0.4816873773708306 0.6584615384615384 0.016350555918901243 0.03076923076923077
0 0.45814257684761284 0.6435897435897436 0.013734466971877043 0.02564102564102564
0 0.43884892086330934 0.637948717948718 0.01962066710268149 0.028717948717948718
0 0.4143230869849575 0.6292307692307693 0.01765860039241334 0.035897435897435895
0 0.3924133420536298 0.62 0.020928711576193592 0.029743589743589743
0 0.3695225637671681 0.6143589743589744 0.020928711576193592 0.03076923076923077
0 0.3463047743623283 0.6056410256410256 0.020274689339437543 0.031794871794871796
0 0.3250490516677567 0.5974358974358974 0.020928711576193592 0.031794871794871796
0 0.302812295618051 0.5876923076923077 0.020928711576193592 0.03076923076923077
0 0.2802485284499673 0.58 0.01896664486592544 0.031794871794871796
0 0.2596468279921517 0.5712820512820512 0.015696533682145193 0.020512820512820513
0 0.2380640941792021 0.5620512820512821 0.020928711576193592 0.028717948717948718
0 0.21386527141922826 0.5579487179487179 0.020928711576193592 0.03076923076923077
0 0.19522563767168083 0.5482051282051282 0.020274689339437543 0.029743589743589743
0 0.17462393721386527 0.5420512820512821 0.02485284499672989 0.031794871794871796
0 0.15238718116415959 0.5307692307692308 0.01962066710268149 0.031794871794871796
0 0.1301504251144539 0.5241025641025641 0.020928711576193592 0.036923076923076927
0 0.11020274689339438 0.52 0.02289077828646174 0.03282051282051282
0 0.08796599084368868 0.5071794871794871 0.02158273381294964 0.031794871794871796
0 0.06769130150425115 0.5025641025641026 0.02289077828646174 0.03076923076923077
0 0.04512753433616743 0.4928205128205128 0.02485284499672989 0.027692307692307693
0 0.025179856115107913 0.48256410256410254 0.02419882275997384 0.029743589743589743
0 0.48790058862001306 0.6148717948717949 0.01962066710268149 0.035897435897435895
0 0.4656638325703074 0.6061538461538462 0.02223675604970569 0.03076923076923077
0 0.44408109875735774 0.5974358974358974 0.02223675604970569 0.035897435897435895
0 0.421190320470896 0.5897435897435898 0.01962066710268149 0.036923076923076927
0 0.3996075866579464 0.5784615384615385 0.02223675604970569 0.03282051282051282
0 0.3737737083060824 0.5697435897435897 0.01896664486592544 0.035897435897435895
0 0.3538260300850229 0.563076923076923 0.02354480052321779 0.03076923076923077
0 0.3325703073904513 0.5594871794871795 0.02158273381294964 0.04
0 0.3106605624591236 0.5487179487179488 0.02485284499672989 0.03282051282051282
0 0.28875081752779597 0.5379487179487179 0.015042511445389144 0.02564102564102564
0 0.26880313930673644 0.5302564102564102 0.020928711576193592 0.03487179487179487
0 0.2462393721386527 0.5215384615384615 0.020274689339437543 0.033846153846153845
0 0.22400261608894703 0.517948717948718 0.015042511445389144 0.03282051282051282
0 0.20307390451275342 0.5071794871794871 0.01896664486592544 0.033846153846153845
0 0.1801831262262917 0.5 0.01896664486592544 0.029743589743589743
0 0.16285153695225638 0.4928205128205128 0.01962066710268149 0.031794871794871796
0 0.1393067364290386 0.48512820512820515 0.02223675604970569 0.028717948717948718
0 0.12034009156311315 0.47846153846153844 0.01831262262916939 0.021538461538461538
0 0.09843034663178549 0.46923076923076923 0.020274689339437543 0.031794871794871796
0 0.07652060170045781 0.45794871794871794 0.020928711576193592 0.02358974358974359
0 0.05689993459777633 0.45076923076923076 0.017004578155657292 0.031794871794871796
0 0.038914323086984955 0.44871794871794873 0.01896664486592544 0.033846153846153845
0 0.4950948332243296 0.5717948717948718 0.02354480052321779 0.03794871794871795
0 0.47187704381948986 0.5635897435897436 0.01896664486592544 0.027692307692307693
0 0.44964028776978415 0.5548717948717948 0.020274689339437543 0.03282051282051282
0 0.42838456507521255 0.5492307692307692 0.02223675604970569 0.031794871794871796
0 0.4051667756703728 0.5379487179487179 0.02158273381294964 0.031794871794871796
0 0.3855461085676913 0.5338461538461539 0.02289077828646174 0.031794871794871796
0 0.3646173969914977 0.5215384615384615 0.02289077828646174 0.031794871794871796
0 0.3410725964682799 0.5164102564102564 0.02289077828646174 0.029743589743589743
0 0.3181818181818182 0.5102564102564102 0.016350555918901243 0.035897435897435895
0 0.29659908436886856 0.5 0.01896664486592544 0.035897435897435895
0 0.27436232831916285 0.49230769230769234 0.016350555918901243 0.024615384615384615
0 0.25539568345323743 0.4805128205128205 0.02158273381294964 0.033846153846153845
0 0.23054283845650753 0.4764102564102564 0.01765860039241334 0.027692307692307693
0 0.21353826030085024 0.46974358974358976 0.025506867233485938 0.03487179487179487
0 0.1919555264879006 0.46153846153846156 0.01896664486592544 0.02666666666666667
0 0.17069980379332897 0.4543589743589744 0.02223675604970569 0.03487179487179487
0 0.14813603662524527 0.4471794871794872 0.020274689339437543 0.028717948717948718
0 0.10725964682799215 0.4287179487179487 0.01962066710268149 0.03282051282051282
0 0.08665794637017658 0.4235897435897436 0.015042511445389144 0.03076923076923077
0 0.06932635709614127 0.4153846153846154 0.01831262262916939 0.028717948717948718
0 0.07913669064748201 0.37948717948717947 0.01962066710268149 0.024615384615384615
0 0.09777632439502944 0.3830769230769231 0.01765860039241334 0.02564102564102564
0 0.11805101373446697 0.39179487179487177 0.020274689339437543 0.02666666666666667
0 0.1379986919555265 0.4 0.020928711576193592 0.024615384615384615
0 0.500654022236756 0.5292307692307693 0.01765860039241334 0.038974358974358976
0 0.5075212557226946 0.49435897435897436 0.01831262262916939 0.03282051282051282
0 0.5137344669718771 0.45794871794871794 0.02289077828646174 0.033846153846153845
0 0.5186396337475474 0.41794871794871796 0.020928711576193592 0.035897435897435895
0 0.525833878351864 0.378974358974359 0.02354480052321779 0.031794871794871796
0 0.5291039895356442 0.3415384615384615 0.020928711576193592 0.03076923076923077
0 0.5349901896664486 0.30615384615384617 0.015696533682145193 0.02564102564102564
0 0.5425114453891432 0.27384615384615385 0.01896664486592544 0.03076923076923077
0 0.5467625899280576 0.2358974358974359 0.02354480052321779 0.03282051282051282
0 0.526814911706998 0.2323076923076923 0.020274689339437543 0.027692307692307693
0 0.5206017004578156 0.26564102564102565 0.01962066710268149 0.038974358974358976
0 0.5143884892086331 0.298974358974359 0.01896664486592544 0.029743589743589743
0 0.5091563113145847 0.3343589743589744 0.016350555918901243 0.028717948717948718
0 0.5016350555918901 0.37435897435897436 0.02354480052321779 0.036923076923076927
0 0.49836494440810986 0.41025641025641024 0.020928711576193592 0.043076923076923075
0 0.49117069980379335 0.4451282051282051 0.01962066710268149 0.041025641025641026
0 0.4856115107913669 0.4841025641025641 0.02158273381294964 0.03076923076923077
0 0.4787442773054284 0.518974358974359 0.01962066710268149 0.038974358974358976
0 0.4561805101373447 0.5169230769230769 0.01896664486592544 0.03282051282051282
0 0.46337475474166123 0.4753846153846154 0.01765860039241334 0.035897435897435895
0 0.4695879659908437 0.43846153846153846 0.01962066710268149 0.033846153846153845
0 0.47449313276651406 0.40205128205128204 0.016350555918901243 0.03076923076923077
0 0.4833224329627207 0.3635897435897436 0.020928711576193592 0.035897435897435895
0 0.486919555264879 0.32871794871794874 0.02419882275997384 0.033846153846153845
0 0.4950948332243296 0.2928205128205128 0.020928711576193592 0.031794871794871796
0 0.49901896664486595 0.2569230769230769 0.02223675604970569 0.031794871794871796
0 0.5049051667756703 0.22205128205128205 0.02223675604970569 0.035897435897435895
0 0.4843034663178548 0.21435897435897436 0.020274689339437543 0.03076923076923077
0 0.4790712884238064 0.24666666666666667 0.02158273381294964 0.033846153846153845
0 0.4725310660562459 0.2835897435897436 0.020274689339437543 0.033846153846153845
0 0.4669718770438195 0.32 0.020928711576193592 0.03076923076923077
0 0.4597776324395029 0.35743589743589743 0.015696533682145193 0.029743589743589743
0 0.4535644211903205 0.3912820512820513 0.020274689339437543 0.027692307692307693
0 0.447351209941138 0.4297435897435897 0.01831262262916939 0.03487179487179487
0 0.4411379986919555 0.4707692307692308 0.02289077828646174 0.03487179487179487
0 0.434597776324395 0.5092307692307693 0.02289077828646174 0.029743589743589743
0 0.41203400915631133 0.5015384615384615 0.01962066710268149 0.03487179487179487
0 0.4195552648790059 0.4625641025641026 0.01896664486592544 0.03076923076923077
0 0.4251144538914323 0.42205128205128206 0.020928711576193592 0.031794871794871796
0 0.43132766514061477 0.38666666666666666 0.020274689339437543 0.03076923076923077
0 0.43917593198168736 0.3517948717948718 0.02289077828646174 0.03282051282051282
0 0.4463701765860039 0.3117948717948718 0.025506867233485938 0.03076923076923077
0 0.4512753433616743 0.27692307692307694 0.01831262262916939 0.028717948717948718
0 0.4565075212557227 0.2441025641025641 0.01962066710268149 0.03282051282051282
0 0.46533682145192934 0.21128205128205127 0.020274689339437543 0.03487179487179487
0 0.4463701765860039 0.20358974358974358 0.02158273381294964 0.031794871794871796
0 0.43917593198168736 0.23743589743589744 0.02158273381294964 0.02564102564102564
0 0.43328973185088293 0.2712820512820513 0.02158273381294964 0.035897435897435895
0 0.4244604316546763 0.30615384615384617 0.02354480052321779 0.031794871794871796
0 0.4182472204054938 0.3435897435897436 0.020274689339437543 0.028717948717948718
0 0.4110529758011772 0.37846153846153846 0.02158273381294964 0.02666666666666667
0 0.40451275343361676 0.4158974358974359 0.02289077828646174 0.031794871794871796
0 0.40058862001308043 0.45282051282051283 0.026814911706998037 0.029743589743589743
0 0.3920863309352518 0.49333333333333335 0.02158273381294964 0.03076923076923077
0 0.3672334859385219 0.4846153846153846 0.02289077828646174 0.031794871794871796
0 0.34924787442773053 0.4805128205128205 0.020928711576193592 0.033846153846153845
0 0.3276651406147809 0.46974358974358976 0.020928711576193592 0.03487179487179487
0 0.30412034009156313 0.4646153846153846 0.02223675604970569 0.03282051282051282
0 0.28221059516023544 0.4533333333333333 0.02289077828646174 0.03076923076923077
0 0.26357096141268804 0.44461538461538463 0.02223675604970569 0.029743589743589743
0 0.24296926095487248 0.44051282051282054 0.015042511445389144 0.021538461538461538
0 0.21877043819489864 0.43128205128205127 0.01765860039241334 0.02358974358974359
0 0.1988227599738391 0.4230769230769231 0.01831262262916939 0.027692307692307693
0 0.17985611510791366 0.41435897435897434 0.02223675604970569 0.03076923076923077
0 0.15990843688685416 0.40717948717948715 0.02289077828646174 0.03282051282051282
0 0.3757357750163506 0.4441025641025641 0.02419882275997384 0.036923076923076927
0 0.355134074558535 0.43846153846153846 0.02223675604970569 0.029743589743589743
0 0.3358404185742315 0.4323076923076923 0.02289077828646174 0.031794871794871796
0 0.3129496402877698 0.4230769230769231 0.020274689339437543 0.033846153846153845
0 0.2923479398299542 0.4153846153846154 0.020928711576193592 0.03076923076923077
0 0.2727272727272727 0.40717948717948715 0.02354480052321779 0.03487179487179487
0 0.25016350555918904 0.4005128205128205 0.02158273381294964 0.033846153846153845
0 0.22988881621975146 0.3943589743589744 0.02158273381294964 0.031794871794871796
0 0.20961412688031392 0.3861538461538462 0.025506867233485938 0.029743589743589743
0 0.18835840418574232 0.37846153846153846 0.020928711576193592 0.03487179487179487
0 0.1697187704381949 0.3707692307692308 0.02419882275997384 0.02564102564102564
0 0.14813603662524527 0.3641025641025641 0.02289077828646174 0.028717948717948718
0 0.105297580117724 0.3466666666666667 0.01831262262916939 0.02666666666666667
0 0.12818835840418574 0.3564102564102564 0.02223675604970569 0.031794871794871796
0 0.3835840418574232 0.40717948717948715 0.02158273381294964 0.03282051282051282
0 0.39045127534336166 0.3687179487179487 0.020928711576193592 0.029743589743589743
0 0.3973185088293002 0.3343589743589744 0.02289077828646174 0.028717948717948718
0 0.4054937867887508 0.3 0.02223675604970569 0.031794871794871796
0 0.4103989535644212 0.26256410256410256 0.02419882275997384 0.028717948717948718
0 0.4185742315238718 0.2287179487179487 0.02223675604970569 0.03487179487179487
0 0.4260954872465664 0.19384615384615383 0.01896664486592544 0.024615384615384615
0 0.3642903858731197 0.3984615384615385 0.02354480052321779 0.027692307692307693
0 0.3698495748855461 0.36564102564102563 0.020274689339437543 0.033846153846153845
0 0.37737083060824067 0.3271794871794872 0.02223675604970569 0.028717948717948718
0 0.3839110529758012 0.29128205128205126 0.020928711576193592 0.03282051282051282
0 0.39110529758011775 0.25846153846153846 0.017004578155657292 0.03282051282051282
0 0.3973185088293002 0.2205128205128205 0.020274689339437543 0.03487179487179487
0 0.40614780902550685 0.19025641025641027 0.020928711576193592 0.031794871794871796
0 0.34238064094179205 0.3964102564102564 0.025506867233485938 0.04
0 0.3482668410725965 0.35743589743589743 0.02289077828646174 0.031794871794871796
0 0.35611510791366907 0.321025641025641 0.02289077828646174 0.03076923076923077
0 0.3646173969914977 0.2841025641025641 0.02158273381294964 0.02666666666666667
0 0.37050359712230213 0.24923076923076923 0.02289077828646174 0.03487179487179487
0 0.3786788750817528 0.21794871794871795 0.02223675604970569 0.033846153846153845
0 0.38489208633093525 0.1841025641025641 0.01765860039241334 0.031794871794871796
0 0.3198168737737083 0.3841025641025641 0.020928711576193592 0.029743589743589743
0 0.29888816219751474 0.3764102564102564 0.01962066710268149 0.03282051282051282
0 0.2809025506867234 0.3728205128205128 0.02419882275997384 0.029743589743589743
0 0.25735775016350554 0.36256410256410254 0.02289077828646174 0.029743589743589743
0 0.23741007194244604 0.35794871794871796 0.02223675604970569 0.020512820512820513
0 0.21778940483976456 0.34717948717948716 0.02223675604970569 0.02564102564102564
0 0.19914977109221713 0.34615384615384615 0.02289077828646174 0.027692307692307693
0 0.17625899280575538 0.3374358974358974 0.020274689339437543 0.03076923076923077
0 0.15631131458469588 0.3312820512820513 0.01831262262916939 0.02666666666666667
0 0.13603662524525834 0.32051282051282054 0.02223675604970569 0.031794871794871796
0 0.3276651406147809 0.3487179487179487 0.02223675604970569 0.03282051282051282
0 0.33616742969260954 0.3112820512820513 0.02354480052321779 0.029743589743589743
0 0.3436886854153041 0.27897435897435896 0.02158273381294964 0.03076923076923077
0 0.35055591890124266 0.2441025641025641 0.02485284499672989 0.028717948717948718
0 0.3577501635055592 0.21025641025641026 0.01962066710268149 0.03076923076923077
0 0.36396337475474166 0.17692307692307693 0.020274689339437543 0.031794871794871796
0 0.30706344015696535 0.34102564102564104 0.020274689339437543 0.031794871794871796
0 0.289077828646174 0.3353846153846154 0.02223675604970569 0.036923076923076927
0 0.2674950948332243 0.3261538461538461 0.02223675604970569 0.038974358974358976
0 0.24689339437540878 0.32205128205128203 0.02289077828646174 0.03487179487179487
0 0.2275997383911053 0.3158974358974359 0.02223675604970569 0.03282051282051282
0 0.2066710268149117 0.3071794871794872 0.02223675604970569 0.031794871794871796
0 0.18770438194898625 0.30153846153846153 0.026160889470241987 0.03282051282051282
0 0.16481360366252454 0.29435897435897435 0.020928711576193592 0.03076923076923077
0 0.1461739699149771 0.2866666666666667 0.025506867233485938 0.033846153846153845
0 0.315565729234794 0.3046153846153846 0.01896664486592544 0.028717948717948718
0 0.3240680183126226 0.2712820512820513 0.01765860039241334 0.031794871794871796
0 0.33060824068018313 0.23846153846153847 0.02158273381294964 0.02564102564102564
0 0.33976455199476785 0.20256410256410257 0.02419882275997384 0.029743589743589743
0 0.34663178548070633 0.1717948717948718 0.02223675604970569 0.027692307692307693
0 0.2949640287769784 0.2994871794871795 0.020928711576193592 0.03282051282051282
0 0.302485284499673 0.26461538461538464 0.02419882275997384 0.03487179487179487
0 0.3103335513407456 0.23282051282051283 0.02158273381294964 0.03076923076923077
0 0.3185088293001962 0.19641025641025642 0.02223675604970569 0.031794871794871796
0 0.32603008502289077 0.16 0.02158273381294964 0.024615384615384615
0 0.2753433616742969 0.2923076923076923 0.020928711576193592 0.03282051282051282
0 0.28482668410725964 0.2605128205128205 0.01896664486592544 0.028717948717948718
0 0.29136690647482016 0.22205128205128205 0.02158273381294964 0.02564102564102564
0 0.2998691955526488 0.18717948717948718 0.02419882275997384 0.02564102564102564
0 0.30706344015696535 0.15487179487179487 0.02419882275997384 0.028717948717948718
0 0.25343361674296927 0.2841025641025641 0.02158273381294964 0.03282051282051282
0 0.23839110529758012 0.27897435897435896 0.025506867233485938 0.03076923076923077
0 0.21484630477436234 0.2717948717948718 0.02289077828646174 0.03282051282051282
0 0.19686069326357097 0.26615384615384613 0.02485284499672989 0.029743589743589743
0 0.17495094833224328 0.26 0.02158273381294964 0.027692307692307693
0 0.15958142576847612 0.25435897435897437 0.01831262262916939 0.028717948717948718
0 0.26258992805755393 0.24769230769230768 0.020274689339437543 0.029743589743589743
0 0.2449313276651406 0.24871794871794872 0.028122956180510136 0.031794871794871796
0 0.22531066056245913 0.2364102564102564 0.020274689339437543 0.033846153846153845
0 0.20503597122302158 0.23076923076923078 0.02158273381294964 0.028717948717948718
0 0.18345323741007194 0.2230769230769231 0.020274689339437543 0.027692307692307693
0 0.21255722694571616 0.19333333333333333 0.02354480052321779 0.031794871794871796
0 0.23217789404839764 0.2041025641025641 0.01962066710268149 0.02666666666666667
0 0.2517985611510791 0.20871794871794871 0.01962066710268149 0.027692307692307693
0 0.2727272727272727 0.21897435897435896 0.020928711576193592 0.029743589743589743
0 0.2782864617396992 0.18615384615384614 0.02158273381294964 0.031794871794871796
0 0.2880967952910399 0.15025641025641026 0.01765860039241334 0.031794871794871796
0 0.21909744931327665 0.16307692307692306 0.01962066710268149 0.024615384615384615
0 0.22858077174623936 0.13435897435897437 0.020274689339437543 0.02666666666666667
0 0.24820143884892087 0.14 0.025506867233485938 0.027692307692307693
0 0.2419882275997384 0.17384615384615384 0.020928711576193592 0.029743589743589743
0 0.2606278613472858 0.17743589743589744 0.01765860039241334 0.03076923076923077
0 0.26880313930673644 0.14564102564102563 0.02223675604970569 0.03282051282051282
0 0.7864617396991498 0.502051282051282 0.02419882275997384 0.033846153846153845
