0 0.1422498364944408 0.8897435897435897 0.025506867233485938 0.04
0 0.1684107259646828 0.9533333333333334 0.030739045127534337 0.048205128205128206
0 0.2011118378024853 0.96 0.029431000654022238 0.04512820512820513
0 0.1487900588620013 0.7861538461538462 0.025506867233485938 0.046153846153846156
0 0.17527795945062133 0.8471794871794872 0.027468933943754086 0.04923076923076923
0 0.20634401569653368 0.8584615384615385 0.029431000654022238 0.04923076923076923
0 0.23642903858731196 0.8641025641025641 0.028122956180510136 0.04205128205128205
0 0.27174623937213865 0.8753846153846154 0.033355134074558535 0.050256410256410255
0 0.26782210595160233 0.8205128205128205 0.025506867233485938 0.036923076923076927
0 0.2393721386527142 0.8148717948717948 0.02485284499672989 0.04
0 0.1814911706998038 0.798974358974359 0.025506867233485938 0.043076923076923075
0 0.20896010464355788 0.8066666666666666 0.025506867233485938 0.048205128205128206
0 0.20078482668410727 0.9097435897435897 0.032701111837802485 0.043076923076923075
0 0.2341399607586658 0.9153846153846154 0.02877697841726619 0.048205128205128206
0 0.23086984957488554 0.9687179487179487 0.027468933943754086 0.046153846153846156
0 0.2622629169391759 0.9748717948717949 0.02485284499672989 0.046153846153846156
0 0.2658600392413342 0.9246153846153846 0.030739045127534337 0.048205128205128206
0 0.3145846958796599 0.8984615384615384 0.026160889470241987 0.028717948717948718
0 0.315565729234794 0.8158974358974359 0.025506867233485938 0.027692307692307693
0 0.34466971877043817 0.8471794871794872 0.02354480052321779 0.03282051282051282
0 0.31393067364290383 0.8569230769230769 0.031393067364290386 0.04
0 0.3433616742969261 0.8892307692307693 0.02485284499672989 0.036923076923076927
0 0.2701111837802485 0.7758974358974359 0.027468933943754086 0.04205128205128205
0 0.1527141922825376 0.7374358974358974 0.025506867233485938 0.041025641025641026
0 0.18214519293655984 0.7487179487179487 0.025506867233485938 0.041025641025641026
0 0.23969914977109222 0.7651282051282051 0.025506867233485938 0.041025641025641026
0 0.20961412688031392 0.76 0.025506867233485938 0.041025641025641026
0 0.2710922171353826 0.72 0.025506867233485938 0.041025641025641026
0 0.1527141922825376 0.6882051282051282 0.028122956180510136 0.043076923076923075
0 0.18508829300196206 0.701025641025641 0.031393067364290386 0.050256410256410255
0 0.21484630477436234 0.7107692307692308 0.02158273381294964 0.04512820512820513
0 0.24362328319162851 0.7169230769230769 0.030739045127534337 0.038974358974358976
0 0.15598430346631786 0.6425641025641026 0.030739045127534337 0.04205128205128205
0 0.1854153041203401 0.6533333333333333 0.02289077828646174 0.043076923076923075
0 0.21680837148463047 0.6656410256410257 0.030739045127534337 0.05128205128205128
0 0.2462393721386527 0.6697435897435897 0.026814911706998037 0.038974358974358976
0 0.2753433616742969 0.6774358974358974 0.026160889470241987 0.03794871794871795
0 0.131458469587966 0.5938461538461538 0.02223675604970569 0.036923076923076927
0 0.15860039241334206 0.5974358974358974 0.026814911706998037 0.046153846153846156
0 0.18835840418574232 0.6056410256410256 0.026160889470241987 0.035897435897435895
0 0.2171353826030085 0.6143589743589744 0.026160889470241987 0.038974358974358976
0 0.24558534990189668 0.6271794871794871 0.026814911706998037 0.0441025641025641
0 0.2733812949640288 0.6292307692307693 0.02354480052321779 0.03794871794871795
0 0.27174623937213865 0.5820512820512821 0.02158273381294964 0.033846153846153845
0 0.13505559189012425 0.5487179487179488 0.01896664486592544 0.03282051282051282
0 0.16154349247874428 0.5502564102564103 0.02223675604970569 0.031794871794871796
0 0.19032047089601045 0.5579487179487179 0.026160889470241987 0.043076923076923075
0 0.21942446043165467 0.5666666666666667 0.025506867233485938 0.03794871794871795
0 0.2475474166121648 0.5784615384615385 0.026814911706998037 0.041025641025641026
0 0.2753433616742969 0.54 0.02354480052321779 0.03794871794871795
0 0.24787442773054283 0.5338461538461539 0.020928711576193592 0.04
0 0.2223675604970569 0.5215384615384615 0.02354480052321779 0.035897435897435895
0 0.19293655984303465 0.5148717948717949 0.01962066710268149 0.036923076923076927
0 0.1644865925441465 0.5102564102564102 0.030739045127534337 0.046153846153846156
0 0.13734466971877043 0.498974358974359 0.02354480052321779 0.048205128205128206
0 0.13865271419228253 0.45282051282051283 0.01962066710268149 0.04
0 0.16775670372792675 0.4625641025641026 0.030739045127534337 0.041025641025641026
0 0.1948986265533028 0.47025641025641024 0.01962066710268149 0.027692307692307693
0 0.22138652714192283 0.47897435897435897 0.028122956180510136 0.02666666666666667
0 0.2514715500327011 0.48923076923076925 0.028122956180510136 0.038974358974358976
0 0.2789404839764552 0.4917948717948718 0.02158273381294964 0.035897435897435895
0 0.30117724002616086 0.4882051282051282 0.01765860039241334 0.024615384615384615
0 0.1409417920209287 0.4158974358974359 0.02289077828646174 0.029743589743589743
0 0.16939175931981687 0.42256410256410254 0.02485284499672989 0.043076923076923075
0 0.197514715500327 0.4266666666666667 0.027468933943754086 0.028717948717948718
0 0.22563767168083715 0.4307692307692308 0.02223675604970569 0.038974358974358976
0 0.2517985611510791 0.44564102564102565 0.02485284499672989 0.035897435897435895
0 0.27992151733158926 0.4533333333333333 0.02485284499672989 0.038974358974358976
0 0.17168083714846305 0.38051282051282054 0.02289077828646174 0.03487179487179487
0 0.1998037933289732 0.3861538461538462 0.029431000654022238 0.04
0 0.22923479398299543 0.38974358974358975 0.026814911706998037 0.03487179487179487
0 0.25604970568999347 0.39897435897435896 0.02158273381294964 0.03487179487179487
0 0.28482668410725964 0.4087179487179487 0.028122956180510136 0.033846153846153845
0 0.1422498364944408 0.3717948717948718 0.026814911706998037 0.03794871794871795
0 0.17396991497710923 0.33487179487179486 0.027468933943754086 0.04205128205128205
0 0.20078482668410727 0.34102564102564104 0.020928711576193592 0.033846153846153845
0 0.22858077174623936 0.35025641025641024 0.01765860039241334 0.035897435897435895
0 0.25474166121648134 0.3594871794871795 0.020274689339437543 0.029743589743589743
0 0.2844996729888816 0.36512820512820515 0.026160889470241987 0.03076923076923077
0 0.1500981033355134 0.28717948717948716 0.02419882275997384 0.036923076923076927
0 0.17625899280575538 0.29743589743589743 0.025506867233485938 0.03076923076923077
0 0.20340091563113147 0.30256410256410254 0.027468933943754086 0.038974358974358976
0 0.23119686069326356 0.3082051282051282 0.02158273381294964 0.031794871794871796
0 0.25768476128188356 0.3158974358974359 0.027468933943754086 0.036923076923076927
0 0.2871157619359058 0.3235897435897436 0.02223675604970569 0.033846153846153845
0 0.1484630477436233 0.25025641025641027 0.01962066710268149 0.03076923076923077
0 0.1788750817527796 0.26 0.02419882275997384 0.033846153846153845
0 0.28776978417266186 0.2815384615384615 0.02485284499672989 0.027692307692307693
0 0.2053629823413996 0.26666666666666666 0.026160889470241987 0.03076923076923077
0 0.23348593852190974 0.2712820512820513 0.02877697841726619 0.035897435897435895
0 0.26324395029431 0.27589743589743587 0.02419882275997384 0.028717948717948718
0 0.31785480706344016 0.7728205128205128 0.026160889470241987 0.033846153846153845
0 0.32047089601046436 0.7266666666666667 0.02354480052321779 0.029743589743589743
0 0.3489208633093525 0.762051282051282 0.032047089601046436 0.03282051282051282
0 0.37181164159581426 0.8384615384615385 0.026814911706998037 0.04
0 0.3737737083060824 0.7984615384615384 0.029431000654022238 0.035897435897435895
0 0.39829954218443425 0.8271794871794872 0.015696533682145193 0.027692307692307693
0 0.39862655330281227 0.8728205128205129 0.02158273381294964 0.041025641025641026
0 0.4195552648790059 0.862051282051282 0.015042511445389144 0.02358974358974359
0 0.44767822105951605 0.8953846153846153 0.026814911706998037 0.03282051282051282
0 0.420863309352518 0.9056410256410257 0.016350555918901243 0.036923076923076927
0 0.420863309352518 0.8148717948717948 0.020274689339437543 0.027692307692307693
0 0.4489862655330281 0.8087179487179487 0.020274689339437543 0.027692307692307693
0 0.42544146500981034 0.7738461538461539 0.020274689339437543 0.027692307692307693
0 0.4509483322432963 0.7666666666666667 0.020274689339437543 0.027692307692307693
0 0.3999345977763244 0.7851282051282051 0.020274689339437543 0.027692307692307693
0 0.47416612164813604 0.798974358974359 0.02223675604970569 0.03487179487179487
0 0.47351209941138 0.838974358974359 0.02223675604970569 0.03487179487179487
0 0.499672988881622 0.7882051282051282 0.02485284499672989 0.04205128205128205
0 0.499672988881622 0.8384615384615385 0.02485284499672989 0.04205128205128205
0 0.4758011772400262 0.721025641025641 0.025506867233485938 0.03487179487179487
0 0.4489862655330281 0.7276923076923076 0.02419882275997384 0.029743589743589743
0 0.37704381948986265 0.7538461538461538 0.020274689339437543 0.03076923076923077
0 0.40156965336821454 0.7471794871794872 0.02223675604970569 0.033846153846153845
0 0.4244604316546763 0.7364102564102564 0.02223675604970569 0.038974358974358976
0 0.49934597776324396 0.7123076923076923 0.01896664486592544 0.029743589743589743
0 0.5009810333551341 0.7497435897435898 0.015696533682145193 0.03282051282051282
0 0.34924787442773053 0.7246153846153847 0.02485284499672989 0.027692307692307693
0 0.3763897972531066 0.72 0.02419882275997384 0.024615384615384615
0 0.40156965336821454 0.7061538461538461 0.017004578155657292 0.027692307692307693
0 0.4264224983649444 0.6948717948717948 0.01962066710268149 0.029743589743589743
0 0.45225637671680835 0.6882051282051282 0.02289077828646174 0.03282051282051282
0 0.4780902550686723 0.6748717948717948 0.017004578155657292 0.024615384615384615
0 0.5026160889470243 0.6687179487179488 0.02289077828646174 0.03487179487179487
0 0.55297580117724 0.6497435897435897 0.02289077828646174 0.029743589743589743
0 0.5493786788750817 0.6861538461538461 0.020928711576193592 0.022564102564102566
0 0.5497056899934598 0.7302564102564103 0.02158273381294964 0.028717948717948718
0 0.525833878351864 0.658974358974359 0.027468933943754086 0.033846153846153845
0 0.5241988227599739 0.718974358974359 0.028122956180510136 0.059487179487179485
0 0.5503597122302158 0.7697435897435897 0.01896664486592544 0.02564102564102564
0 0.526160889470242 0.7825641025641026 0.015042511445389144 0.02666666666666667
0 0.5483976455199476 0.6107692307692307 0.02289077828646174 0.029743589743589743
0 0.5238718116415958 0.6210256410256411 0.01831262262916939 0.027692307692307693
0 0.40451275343361676 0.6235897435897436 0.01765860039241334 0.028717948717948718
0 0.3839110529758012 0.44256410256410256 0.01831262262916939 0.02358974358974359
0 0.4107259646827992 0.43846153846153846 0.01831262262916939 0.02358974358974359
0 0.4323086984957489 0.4282051282051282 0.01831262262916939 0.02358974358974359
0 0.4107259646827992 0.47025641025641024 0.01831262262916939 0.02358974358974359
0 0.3839110529758012 0.4835897435897436 0.01831262262916939 0.02358974358974359
0 0.4323086984957489 0.46205128205128204 0.01831262262916939 0.02358974358974359
0 0.408109875735775 0.5061538461538462 0.01831262262916939 0.02358974358974359
0 0.40614780902550685 0.5430769230769231 0.01831262262916939 0.02358974358974359
0 0.4303466317854807 0.5015384615384615 0.02485284499672989 0.028717948717948718
0 0.4568345323741007 0.4969230769230769 0.016350555918901243 0.02564102564102564
0 0.40189666448659256 0.6625641025641026 0.02158273381294964 0.03282051282051282
0 0.4267495094833224 0.6574358974358975 0.02158273381294964 0.03282051282051282
0 0.45225637671680835 0.6471794871794871 0.02158273381294964 0.03282051282051282
0 0.43067364290385873 0.6153846153846154 0.02158273381294964 0.03282051282051282
0 0.40712884238064095 0.5887179487179487 0.02158273381294964 0.03282051282051282
0 0.43100065402223675 0.5820512820512821 0.02354480052321779 0.031794871794871796
0 0.5539568345323741 0.5 0.02354480052321779 0.031794871794871796
0 0.5503597122302158 0.45897435897435895 0.025506867233485938 0.0441025641025641
0 0.4535644211903205 0.6071794871794872 0.01896664486592544 0.03076923076923077
0 0.4761281883584042 0.6030769230769231 0.02485284499672989 0.038974358974358976
0 0.5019620667102681 0.5917948717948718 0.02419882275997384 0.03487179487179487
0 0.5493786788750817 0.5733333333333334 0.015696533682145193 0.02666666666666667
0 0.52648790058862 0.581025641025641 0.02354480052321779 0.035897435897435895
0 0.4303466317854807 0.5425641025641026 0.02354480052321779 0.03282051282051282
0 0.45552648790058864 0.5312820512820513 0.02158273381294964 0.036923076923076927
0 0.48005232177894047 0.522051282051282 0.02223675604970569 0.03282051282051282
0 0.4790712884238064 0.5625641025641026 0.020274689339437543 0.031794871794871796
0 0.5238718116415958 0.541025641025641 0.020928711576193592 0.02358974358974359
0 0.52648790058862 0.5061538461538462 0.020928711576193592 0.031794871794871796
0 0.5032701111837803 0.517948717948718 0.01765860039241334 0.03076923076923077
0 0.3780248528449967 0.6707692307692308 0.02485284499672989 0.03076923076923077
0 0.381294964028777 0.521025641025641 0.02485284499672989 0.03282051282051282
0 0.37998691955526487 0.5584615384615385 0.02877697841726619 0.035897435897435895
0 0.35317200784826686 0.561025641025641 0.02354480052321779 0.02666666666666667
0 0.35284499672988884 0.5302564102564102 0.020274689339437543 0.024615384615384615
0 0.3538260300850229 0.49333333333333335 0.026160889470241987 0.028717948717948718
0 0.3240680183126226 0.5 0.020274689339437543 0.033846153846153845
0 0.37737083060824067 0.6364102564102564 0.026160889470241987 0.027692307692307693
0 0.37998691955526487 0.6 0.02877697841726619 0.03487179487179487
0 0.32603008502289077 0.46615384615384614 0.02158273381294964 0.029743589743589743
0 0.32831916285153695 0.4194871794871795 0.027468933943754086 0.03487179487179487
0 0.36102027468933945 0.4107692307692308 0.01962066710268149 0.02358974358974359
0 0.4107259646827992 0.4015384615384615 0.01962066710268149 0.02358974358974359
0 0.38783518639633746 0.40564102564102567 0.01962066710268149 0.02358974358974359
0 0.434597776324395 0.3923076923076923 0.013734466971877043 0.021538461538461538
0 0.45716154349247873 0.4574358974358974 0.02354480052321779 0.03487179487179487
0 0.45846958796599085 0.41846153846153844 0.02223675604970569 0.028717948717948718
0 0.47972531066056245 0.4451282051282051 0.015042511445389144 0.024615384615384615
0 0.4816873773708306 0.40923076923076923 0.020274689339437543 0.02666666666666667
0 0.5045781556572924 0.44153846153846155 0.02289077828646174 0.02564102564102564
0 0.5022890778286462 0.4753846153846154 0.02354480052321779 0.035897435897435895
0 0.55134074558535 0.42102564102564105 0.01831262262916939 0.02358974358974359
0 0.526814911706998 0.42615384615384616 0.020274689339437543 0.027692307692307693
0 0.5500327011118378 0.38666666666666666 0.01962066710268149 0.028717948717948718
0 0.5277959450621321 0.3902564102564103 0.02485284499672989 0.027692307692307693
0 0.5042511445389143 0.4035897435897436 0.02223675604970569 0.033846153846153845
0 0.33747547416612167 0.3758974358974359 0.02485284499672989 0.029743589743589743
0 0.3642903858731197 0.3723076923076923 0.020928711576193592 0.028717948717948718
0 0.3891432308698496 0.3682051282051282 0.01962066710268149 0.024615384615384615
0 0.41236102027468935 0.3646153846153846 0.016350555918901243 0.027692307692307693
0 0.4349247874427731 0.3558974358974359 0.01831262262916939 0.02666666666666667
0 0.4578155657292348 0.35128205128205126 0.014388489208633094 0.02358974358974359
0 0.4578155657292348 0.3830769230769231 0.02223675604970569 0.029743589743589743
0 0.4803793328973185 0.34615384615384615 0.025506867233485938 0.033846153846153845
0 0.5042511445389143 0.36666666666666664 0.017004578155657292 0.02564102564102564
0 0.5291039895356442 0.358974358974359 0.01831262262916939 0.024615384615384615
0 0.5055591890124265 0.33487179487179486 0.01962066710268149 0.027692307692307693
0 0.526160889470242 0.3261538461538461 0.01765860039241334 0.028717948717948718
0 0.552321778940484 0.31846153846153846 0.02158273381294964 0.029743589743589743
0 0.552321778940484 0.3553846153846154 0.02289077828646174 0.027692307692307693
0 0.3328973185088293 0.3415384615384615 0.040549378678875085 0.03076923076923077
0 0.3649444081098757 0.33589743589743587 0.015696533682145193 0.021538461538461538
0 0.41268803139306737 0.33076923076923076 0.02223675604970569 0.02564102564102564
0 0.43884892086330934 0.32 0.01831262262916939 0.024615384615384615
0 0.46108567691301505 0.31333333333333335 0.015696533682145193 0.02564102564102564
0 0.4829954218443427 0.30564102564102563 0.02158273381294964 0.028717948717948718
0 0.5042511445389143 0.3005128205128205 0.01962066710268149 0.02666666666666667
0 0.5281229561805101 0.2917948717948718 0.016350555918901243 0.021538461538461538
0 0.55297580117724 0.2841025641025641 0.02289077828646174 0.028717948717948718
0 0.5483976455199476 0.25076923076923074 0.02158273381294964 0.02564102564102564
0 0.5287769784172662 0.2548717948717949 0.01896664486592544 0.021538461538461538
0 0.5058862001308044 0.2630769230769231 0.020274689339437543 0.027692307692307693
0 0.48266841072596467 0.2671794871794872 0.017004578155657292 0.027692307692307693
0 0.45846958796599085 0.28102564102564104 0.020928711576193592 0.024615384615384615
0 0.4385219097449313 0.28717948717948716 0.01765860039241334 0.028717948717948718
0 0.41530412034009156 0.2964102564102564 0.01831262262916939 0.024615384615384615
0 0.39306736429038586 0.301025641025641 0.01962066710268149 0.029743589743589743
0 0.34499672988881624 0.30564102564102563 0.02158273381294964 0.02666666666666667
0 0.3270111183780249 0.2825641025641026 0.01962066710268149 0.02564102564102564
0 0.3266841072596468 0.31076923076923074 0.016350555918901243 0.018461538461538463
0 0.35251798561151076 0.28 0.02223675604970569 0.02666666666666667
0 0.5493786788750817 0.2194871794871795 0.01831262262916939 0.02666666666666667
0 0.552321778940484 0.18564102564102564 0.01896664486592544 0.028717948717948718
0 0.5281229561805101 0.2205128205128205 0.01896664486592544 0.022564102564102566
0 0.5052321778940484 0.22974358974358974 0.020274689339437543 0.024615384615384615
0 0.46141268803139307 0.24461538461538462 0.013734466971877043 0.015384615384615385
0 0.4385219097449313 0.24974358974358973 0.016350555918901243 0.017435897435897435
0 0.4156311314584696 0.25435897435897437 0.01765860039241334 0.02666666666666667
0 0.3924133420536298 0.26666666666666666 0.02223675604970569 0.028717948717948718
0 0.3731196860693264 0.24102564102564103 0.01765860039241334 0.03282051282051282
0 0.395029431000654 0.2323076923076923 0.01831262262916939 0.02564102564102564
0 0.4395029431000654 0.21794871794871795 0.01962066710268149 0.02564102564102564
0 0.4617396991497711 0.2128205128205128 0.02354480052321779 0.029743589743589743
0 0.48463047743623283 0.17794871794871794 0.015696533682145193 0.02358974358974359
0 0.4195552648790059 0.13743589743589743 0.020274689339437543 0.03282051282051282
0 0.17168083714846305 0.13641025641025642 0.02289077828646174 0.03076923076923077
0 0.421190320470896 0.19794871794871796 0.01831262262916939 0.024615384615384615
0 0.32864617396991497 0.2158974358974359 0.016350555918901243 0.033846153846153845
0 0.12720732504905166 0.17025641025641025 0.03858731196860693 0.04512820512820513
0 0.2119032047089601 0.048205128205128206 0.01831262262916939 0.024615384615384615
0 0.08338783518639634 0.14102564102564102 0.03466317854807063 0.033846153846153845
0 0.39372138652714195 0.14102564102564102 0.01831262262916939 0.027692307692307693
0 0.3459777632439503 0.15846153846153846 0.015696533682145193 0.02564102564102564
0 0.4617396991497711 0.17743589743589744 0.02354480052321779 0.028717948717948718
0 0.2844996729888816 0.23333333333333334 0.026160889470241987 0.033846153846153845
0 0.5343361674296926 0.12102564102564102 0.017004578155657292 0.022564102564102566
0 0.6239372138652715 0.6451282051282051 0.02354480052321779 0.036923076923076927
0 0.6540222367560498 0.6523076923076923 0.02877697841726619 0.043076923076923075
0 0.6249182472204055 0.5143589743589744 0.02419882275997384 0.04
0 0.6536952256376717 0.5225641025641026 0.02419882275997384 0.04
0 0.6523871811641596 0.5687179487179487 0.02419882275997384 0.04
0 0.6249182472204055 0.6025641025641025 0.02419882275997384 0.04
0 0.684434270765206 0.6189743589743589 0.02419882275997384 0.04
0 0.7138652714192283 0.5892307692307692 0.02419882275997384 0.04
0 0.6540222367560498 0.6148717948717949 0.02354480052321779 0.031794871794871796
0 0.684434270765206 0.5338461538461539 0.02419882275997384 0.04
0 0.6262262916939176 0.4230769230769231 0.02419882275997384 0.04
0 0.6288423806409418 0.4712820512820513 0.02419882275997384 0.04
0 0.7400261608894703 0.5974358974358974 0.02419882275997384 0.04
0 0.7707652060170046 0.5758974358974359 0.02419882275997384 0.04
0 0.8145846958796599 0.6641025641025641 0.02419882275997384 0.04
0 0.7138652714192283 0.5451282051282051 0.02419882275997384 0.04
0 0.6818181818181818 0.4948717948717949 0.02419882275997384 0.04
0 0.6550032701111838 0.4774358974358974 0.02419882275997384 0.04
0 0.7413342053629823 0.47333333333333333 0.02419882275997384 0.04
0 0.7962720732504905 0.44769230769230767 0.02419882275997384 0.04
0 0.7688031393067364 0.4774358974358974 0.02419882275997384 0.04
0 0.7119032047089601 0.46615384615384614 0.02419882275997384 0.04
0 0.6563113145846958 0.3912820512820513 0.02419882275997384 0.04
0 0.6236102027468934 0.3769230769230769 0.02419882275997384 0.04
0 0.7416612164813604 0.5174358974358975 0.026160889470241987 0.033846153846153845
0 0.7119032047089601 0.5066666666666667 0.020274689339437543 0.03076923076923077
0 0.7413342053629823 0.561025641025641 0.016350555918901243 0.024615384615384615
0 0.7714192282537606 0.5312820512820513 0.01765860039241334 0.03282051282051282
0 0.803466317854807 0.5425641025641026 0.02419882275997384 0.041025641025641026
0 0.8037933289731851 0.4917948717948718 0.020928711576193592 0.02564102564102564
0 0.8570961412688032 0.46974358974358976 0.029431000654022238 0.04717948717948718
0 0.8230869849574886 0.4153846153846154 0.02158273381294964 0.03282051282051282
0 0.6824722040549379 0.4025641025641026 0.015042511445389144 0.029743589743589743
0 0.6520601700457815 0.35025641025641024 0.02354480052321779 0.029743589743589743
0 0.6821451929365598 0.3630769230769231 0.02354480052321779 0.028717948717948718
0 0.7148463047743623 0.3723076923076923 0.026160889470241987 0.03076923076923077
0 0.7432962720732504 0.3830769230769231 0.028122956180510136 0.04
0 0.7710922171353826 0.3933333333333333 0.02354480052321779 0.04205128205128205
0 0.7962720732504905 0.4041025641025641 0.025506867233485938 0.03487179487179487
0 0.7694571615434925 0.43948717948717947 0.02158273381294964 0.029743589743589743
0 0.6540222367560498 0.4369230769230769 0.02354480052321779 0.036923076923076927
0 0.6278613472858077 0.29846153846153844 0.02223675604970569 0.03282051282051282
0 0.6546762589928058 0.30974358974358973 0.02223675604970569 0.03282051282051282
0 0.6827992151733159 0.32 0.02223675604970569 0.03282051282051282
0 0.7684761281883584 0.3128205128205128 0.02223675604970569 0.03282051282051282
0 0.7965990843688685 0.32 0.02223675604970569 0.03282051282051282
0 0.8227599738391105 0.3271794871794872 0.02223675604970569 0.03282051282051282
0 0.8528449967298888 0.3446153846153846 0.02223675604970569 0.03282051282051282
0 0.7965990843688685 0.36 0.02223675604970569 0.03282051282051282
0 0.7135382603008502 0.32769230769230767 0.02485284499672989 0.04205128205128205
0 0.7688031393067364 0.35333333333333333 0.01765860039241334 0.031794871794871796
0 0.7406801831262263 0.3466666666666667 0.02289077828646174 0.036923076923076927
0 0.8266841072596468 0.3728205128205128 0.026160889470241987 0.029743589743589743
0 0.8567691301504251 0.38871794871794874 0.02223675604970569 0.038974358974358976
0 0.881948986265533 0.35333333333333333 0.020274689339437543 0.033846153846153845
0 0.8812949640287769 0.39487179487179486 0.02158273381294964 0.03487179487179487
0 0.7406801831262263 0.3005128205128205 0.02419882275997384 0.036923076923076927
0 0.7109221713538261 0.2866666666666667 0.027468933943754086 0.035897435897435895
0 0.68378024852845 0.2784615384615385 0.02289077828646174 0.035897435897435895
0 0.6563113145846958 0.26871794871794874 0.026814911706998037 0.03282051282051282
0 0.6298234139960759 0.258974358974359 0.02354480052321779 0.035897435897435895
0 0.8835840418574231 0.43743589743589745 0.027468933943754086 0.027692307692307693
0 0.9032047089601046 0.40307692307692305 0.02223675604970569 0.03487179487179487
0 0.8783518639633747 0.3123076923076923 0.020928711576193592 0.035897435897435895
0 0.8534990189666448 0.30205128205128207 0.02223675604970569 0.03794871794871795
0 0.8250490516677567 0.2917948717948718 0.030739045127534337 0.035897435897435895
0 0.7969260954872466 0.28 0.01765860039241334 0.024615384615384615
0 0.7684761281883584 0.2676923076923077 0.02485284499672989 0.036923076923076927
0 0.7396991497710922 0.2564102564102564 0.020928711576193592 0.036923076923076927
0 0.7148463047743623 0.24769230769230768 0.020928711576193592 0.03794871794871795
0 0.6880313930673643 0.23692307692307693 0.026160889470241987 0.03487179487179487
0 0.656965336821452 0.2282051282051282 0.02289077828646174 0.035897435897435895
0 0.6291693917593199 0.2117948717948718 0.01962066710268149 0.035897435897435895
0 0.63080444735121 0.17692307692307693 0.020274689339437543 0.019487179487179488
0 0.6572923479398299 0.18512820512820513 0.027468933943754086 0.035897435897435895
0 0.6873773708306082 0.19794871794871796 0.02485284499672989 0.028717948717948718
0 0.7125572269457161 0.20666666666666667 0.02289077828646174 0.029743589743589743
0 0.7410071942446043 0.21794871794871795 0.026160889470241987 0.029743589743589743
0 0.9355788096795291 0.37846153846153846 0.032047089601046436 0.036923076923076927
0 0.9192282537606279 0.3415384615384615 0.028122956180510136 0.036923076923076927
0 0.9440810987573578 0.3117948717948718 0.02419882275997384 0.03076923076923077
0 0.9581425768476128 0.35333333333333333 0.02223675604970569 0.029743589743589743
0 0.9761281883584042 0.3292307692307692 0.01896664486592544 0.018461538461538463
0 0.9836494440810988 0.28307692307692306 0.020928711576193592 0.028717948717948718
0 0.9633747547416612 0.29128205128205126 0.017004578155657292 0.022564102564102566
0 0.9048397645519948 0.2994871794871795 0.026814911706998037 0.02666666666666667
0 0.9270765206017004 0.2784615384615385 0.025506867233485938 0.02358974358974359
0 0.948005232177894 0.25743589743589745 0.029431000654022238 0.03076923076923077
0 0.6883584041857423 0.1558974358974359 0.025506867233485938 0.03282051282051282
0 0.7164813603662524 0.1687179487179487 0.01765860039241334 0.029743589743589743
0 0.7410071942446043 0.17794871794871794 0.026160889470241987 0.029743589743589743
0 0.7694571615434925 0.18974358974358974 0.02289077828646174 0.03282051282051282
0 0.7956180510137345 0.19948717948717948 0.02158273381294964 0.03794871794871795
0 0.8224329627207325 0.20923076923076922 0.01896664486592544 0.02666666666666667
0 0.8499018966644866 0.21487179487179486 0.01765860039241334 0.031794871794871796
0 0.8790058862001308 0.23076923076923078 0.027468933943754086 0.04717948717948718
0 0.8917593198168737 0.26461538461538464 0.02419882275997384 0.028717948717948718
0 0.8204708960104643 0.1687179487179487 0.01765860039241334 0.019487179487179488
0 0.8404185742315239 0.18 0.015696533682145193 0.027692307692307693
0 0.657946370176586 0.11076923076923077 0.01831262262916939 0.02666666666666667
0 0.6334205362982341 0.10051282051282051 0.020274689339437543 0.03282051282051282
0 0.6347285807717462 0.06307692307692307 0.020274689339437543 0.027692307692307693
0 0.6592544146500982 0.07128205128205128 0.013080444735120994 0.021538461538461538
0 0.6857423152387181 0.11794871794871795 0.02419882275997384 0.038974358974358976
0 0.7109221713538261 0.12974358974358974 0.013080444735120994 0.02564102564102564
0 0.736429038587312 0.13692307692307693 0.020928711576193592 0.029743589743589743
0 0.7694571615434925 0.1517948717948718 0.026814911706998037 0.03282051282051282
0 0.8639633747547416 0.18769230769230769 0.01962066710268149 0.022564102564102566
0 0.9126880313930673 0.24256410256410257 0.02419882275997384 0.035897435897435895
0 0.9359058207979072 0.2194871794871795 0.027468933943754086 0.03076923076923077
0 0.9676258992805755 0.18205128205128204 0.016350555918901243 0.02358974358974359
0 0.9784172661870504 0.2076923076923077 0.01962066710268149 0.021538461538461538
0 0.9895356442119032 0.23384615384615384 0.015696533682145193 0.02666666666666667
0 0.8989535644211903 0.20615384615384616 0.015042511445389144 0.028717948717948718
0 0.9162851536952257 0.18615384615384614 0.01831262262916939 0.02564102564102564
0 0.9365598430346632 0.16307692307692306 0.027468933943754086 0.028717948717948718
0 0.9421190320470896 0.12 0.02289077828646174 0.024615384615384615
0 0.8842380640941792 0.17025641025641025 0.01962066710268149 0.03076923076923077
0 0.9048397645519948 0.14871794871794872 0.029431000654022238 0.036923076923076927
0 0.9290385873119686 0.09076923076923077 0.016350555918901243 0.019487179487179488
0 0.9113799869195552 0.1 0.012426422498364944 0.019487179487179488
0 0.8884892086330936 0.11282051282051282 0.02419882275997384 0.022564102564102566
0 0.8701765860039241 0.13282051282051283 0.02289077828646174 0.029743589743589743
0 0.8479398299542185 0.15487179487179487 0.016350555918901243 0.02666666666666667
0 0.7959450621321125 0.1594871794871795 0.020928711576193592 0.033846153846153845
0 0.8132766514061478 0.13025641025641024 0.01765860039241334 0.020512820512820513
0 0.8358404185742315 0.12051282051282051 0.02354480052321779 0.031794871794871796
0 0.7681491170699803 0.11641025641025642 0.02289077828646174 0.033846153846153845
0 0.7936559843034663 0.0882051282051282 0.016350555918901243 0.028717948717948718
0 0.6857423152387181 0.04717948717948718 0.015042511445389144 0.028717948717948718
0 0.7419882275997384 0.03333333333333333 0.02289077828646174 0.029743589743589743
0 0.78973185088293 0.046153846153846156 0.01896664486592544 0.028717948717948718
0 0.7125572269457161 0.09128205128205129 0.01896664486592544 0.022564102564102566
0 0.738064094179202 0.09948717948717949 0.028122956180510136 0.041025641025641026
0 0.7403531720078482 0.06871794871794872 0.015696533682145193 0.01641025641025641
0 0.6870503597122302 0.01282051282051282 0.026814911706998037 0.02358974358974359
0 0.8106605624591237 0.047692307692307694 0.01765860039241334 0.027692307692307693
0 0.8224329627207325 0.0835897435897436 0.01896664486592544 0.02358974358974359
0 0.8433616742969261 0.06102564102564102 0.02419882275997384 0.029743589743589743
0 0.8564421190320471 0.09538461538461539 0.020274689339437543 0.018461538461538463
0 0.9005886200130805 0.07435897435897436 0.011772400261608895 0.019487179487179488
0 0.9202092871157619 0.0641025641025641 0.01831262262916939 0.02358974358974359
0 0.8871811641595815 0.050256410256410255 0.015042511445389144 0.020512820512820513
0 0.8986265533028123 0.01641025641025641 0.015696533682145193 0.02666666666666667
0 0.8279921517331589 0.030256410256410255 0.017004578155657292 0.02358974358974359
0 0.8263570961412688 0.2548717948717949 0.01896664486592544 0.021538461538461538
0 0.6608894702419882 0.033846153846153845 0.01765860039241334 0.01641025641025641
0 0.4807063440156965 0.027692307692307693 0.014388489208633094 0.03076923076923077
0 0.828646173969915 0.5005128205128205 0.015696533682145193 0.024615384615384615
