0 0.24656638325703073 0.04051282051282051 0.02485284499672989 0.02564102564102564
0 0.2730542838456507 0.03230769230769231 0.026814911706998037 0.027692307692307693
0 0.28253760627861346 0.0558974358974359 0.027468933943754086 0.027692307692307693
0 0.7691301504251145 0.24666666666666667 0.020928711576193592 0.031794871794871796
0 0.7488554610856769 0.2635897435897436 0.02223675604970569 0.024615384615384615
0 0.7609548724656638 0.29384615384615387 0.020274689339437543 0.02358974358974359
0 0.7877697841726619 0.2815384615384615 0.026814911706998037 0.03794871794871795
0 0.7995421844342707 0.31435897435897436 0.01765860039241334 0.02564102564102564
0 0.8270111183780249 0.298974358974359 0.01765860039241334 0.031794871794871796
0 0.8495748855461086 0.28307692307692306 0.02485284499672989 0.041025641025641026
0 0.8773708306082407 0.27384615384615385 0.01896664486592544 0.024615384615384615
0 0.6945716154349247 0.2856410256410256 0.02485284499672989 0.029743589743589743
0 0.6690647482014388 0.3005128205128205 0.01831262262916939 0.024615384615384615
0 0.6873773708306082 0.33384615384615385 0.01831262262916939 0.021538461538461538
0 0.6553302812295618 0.3446153846153846 0.02354480052321779 0.03282051282051282
0 0.6157619359058208 0.32205128205128203 0.032047089601046436 0.03282051282051282
0 0.6285153695225638 0.2774358974358974 0.02877697841726619 0.031794871794871796
0 0.6994767822105952 0.37025641025641026 0.02419882275997384 0.036923076923076927
0 0.7387181164159582 0.3871794871794872 0.025506867233485938 0.029743589743589743
0 0.7665140614780902 0.38 0.020928711576193592 0.031794871794871796
0 0.8194898626553303 0.34717948717948716 0.01831262262916939 0.033846153846153845
0 0.843034663178548 0.3374358974358974 0.02354480052321779 0.03282051282051282
0 0.9015696533682145 0.31384615384615383 0.030739045127534337 0.04923076923076923
0 0.8629823413996076 0.36974358974358973 0.029431000654022238 0.03794871794871795
0 0.881948986265533 0.4087179487179487 0.030739045127534337 0.04205128205128205
0 0.8361674296926096 0.38358974358974357 0.033355134074558535 0.04512820512820513
0 0.8544800523217789 0.42153846153846153 0.028122956180510136 0.043076923076923075
0 0.8744277305428385 0.46205128205128204 0.030085022890778287 0.046153846153846156
0 0.8100065402223675 0.3994871794871795 0.026814911706998037 0.03794871794871795
0 0.8299542184434271 0.4379487179487179 0.03793328973185088 0.043076923076923075
0 0.8512099411379986 0.47333333333333333 0.03466317854807063 0.046153846153846156
0 0.8675604970569 0.518974358974359 0.02419882275997384 0.038974358974358976
0 0.802812295618051 0.45282051282051283 0.030739045127534337 0.04205128205128205
0 0.8224329627207325 0.4907692307692308 0.03727926749509483 0.04205128205128205
0 0.841399607586658 0.5307692307692308 0.03727926749509483 0.0441025641025641
0 0.7848266841072596 0.41333333333333333 0.030085022890778287 0.038974358974358976
0 0.7567037279267496 0.4282051282051282 0.030085022890778287 0.035897435897435895
0 0.7737083060824068 0.47333333333333333 0.02485284499672989 0.033846153846153845
0 0.7936559843034663 0.5076923076923077 0.029431000654022238 0.036923076923076927
0 0.8139306736429038 0.5466666666666666 0.03466317854807063 0.04717948717948718
0 0.7331589274035317 0.44256410256410256 0.034009156311314584 0.048205128205128206
0 0.749182472204055 0.48307692307692307 0.02289077828646174 0.028717948717948718
0 0.7665140614780902 0.5215384615384615 0.032701111837802485 0.04205128205128205
0 0.7838456507521255 0.563076923076923 0.03727926749509483 0.04923076923076923
0 0.8047743623283191 0.602051282051282 0.033355134074558535 0.04512820512820513
0 0.7769784172661871 0.6230769230769231 0.034009156311314584 0.04205128205128205
0 0.7567037279267496 0.5774358974358974 0.031393067364290386 0.04512820512820513
0 0.7387181164159582 0.536923076923077 0.030739045127534337 0.046153846153846156
0 0.7200784826684107 0.5005128205128205 0.030085022890778287 0.038974358974358976
0 0.7050359712230215 0.4605128205128205 0.034009156311314584 0.041025641025641026
0 0.6883584041857423 0.42102564102564105 0.029431000654022238 0.04205128205128205
0 0.671026814911707 0.3841025641025641 0.02877697841726619 0.035897435897435895
0 0.6321124918247221 0.36 0.028122956180510136 0.03282051282051282
0 0.6638325703073904 0.43538461538461537 0.034009156311314584 0.03794871794871795
0 0.6759319816873773 0.4728205128205128 0.030739045127534337 0.04512820512820513
0 0.6932635709614127 0.5143589743589744 0.03531720078482668 0.0441025641025641
0 0.7132112491824723 0.558974358974359 0.032047089601046436 0.04512820512820513
0 0.7279267495094833 0.5984615384615385 0.03531720078482668 0.04205128205128205
0 0.6170699803793329 0.4076923076923077 0.026814911706998037 0.035897435897435895
0 0.5909090909090909 0.33897435897435896 0.028122956180510136 0.033846153846153845
0 0.5761935905820798 0.30615384615384617 0.02485284499672989 0.033846153846153845
0 0.566383257030739 0.27076923076923076 0.02223675604970569 0.02666666666666667
0 0.6344015696533682 0.4482051282051282 0.032701111837802485 0.043076923076923075
0 0.6497710922171354 0.4887179487179487 0.03597122302158273 0.04
0 0.6657946370176586 0.5302564102564102 0.034009156311314584 0.04512820512820513
0 0.6827992151733159 0.5712820512820512 0.040549378678875085 0.04923076923076923
0 0.6984957488554611 0.6123076923076923 0.034009156311314584 0.04512820512820513
0 0.671680837148463 0.6297435897435898 0.03924133420536298 0.055384615384615386
0 0.6527141922825376 0.5856410256410256 0.032701111837802485 0.041025641025641026
0 0.6376716808371484 0.5430769230769231 0.032701111837802485 0.04205128205128205
0 0.6223021582733813 0.5041025641025642 0.033355134074558535 0.050256410256410255
0 0.606278613472858 0.46512820512820513 0.02877697841726619 0.035897435897435895
0 0.592871157619359 0.4282051282051282 0.01765860039241334 0.02358974358974359
0 0.5775016350555919 0.3882051282051282 0.027468933943754086 0.033846153846153845
0 0.5624591236102028 0.35333333333333333 0.03531720078482668 0.04
0 0.5075212557226946 0.2964102564102564 0.020928711576193592 0.02666666666666667
0 0.5398953564421191 0.2841025641025641 0.025506867233485938 0.03076923076923077
0 0.48234139960758665 0.3076923076923077 0.028122956180510136 0.03076923076923077
0 0.4970568999345978 0.3466666666666667 0.032701111837802485 0.041025641025641026
0 0.5081752779594506 0.37846153846153846 0.034009156311314584 0.036923076923076927
0 0.5183126226291694 0.418974358974359 0.026814911706998037 0.033846153846153845
0 0.5359712230215827 0.3671794871794872 0.028122956180510136 0.038974358974358976
0 0.5487246566383257 0.4066666666666667 0.034009156311314584 0.03794871794871795
0 0.5618051013734467 0.4461538461538462 0.034009156311314584 0.03487179487179487
0 0.5510137344669719 0.4948717948717949 0.028122956180510136 0.050256410256410255
0 0.5637671680837149 0.5364102564102564 0.02877697841726619 0.04512820512820513
0 0.5784826684107259 0.48205128205128206 0.03466317854807063 0.043076923076923075
0 0.592871157619359 0.5194871794871795 0.041203400915631135 0.0441025641025641
0 0.6098757357750163 0.561025641025641 0.03727926749509483 0.043076923076923075
0 0.6232831916285154 0.6005128205128205 0.03793328973185088 0.04205128205128205
0 0.6370176586003924 0.6507692307692308 0.03793328973185088 0.05641025641025641
0 0.606278613472858 0.6656410256410257 0.03531720078482668 0.057435897435897436
0 0.5896010464355788 0.6246153846153846 0.033355134074558535 0.05333333333333334
0 0.5771746239372139 0.5764102564102564 0.029431000654022238 0.04512820512820513
0 0.5771746239372139 0.6820512820512821 0.03466317854807063 0.057435897435897436
0 0.5493786788750817 0.598974358974359 0.03531720078482668 0.04923076923076923
0 0.5366252452583388 0.5523076923076923 0.03727926749509483 0.048205128205128206
0 0.5055591890124265 0.47025641025641024 0.026160889470241987 0.035897435897435895
0 0.4934597776324395 0.4323076923076923 0.033355134074558535 0.048205128205128206
0 0.4682799215173316 0.35794871794871796 0.026160889470241987 0.03487179487179487
0 0.5614780902550687 0.7533333333333333 0.03597122302158273 0.046153846153846156
0 0.5457815565729235 0.7020512820512821 0.03466317854807063 0.046153846153846156
0 0.5160235448005233 0.6164102564102564 0.02877697841726619 0.041025641025641026
0 0.5052321778940484 0.5723076923076923 0.02419882275997384 0.03487179487179487
0 0.5614780902550687 0.8656410256410256 0.03858731196860693 0.04923076923076923
0 0.5421844342707652 0.9451282051282052 0.03531720078482668 0.05641025641025641
0 0.5755395683453237 0.9235897435897436 0.03662524525833878 0.05846153846153846
0 0.5470896010464356 0.8205128205128205 0.03727926749509483 0.04923076923076923
0 0.5320470896010464 0.7712820512820513 0.03858731196860693 0.057435897435897436
0 0.5166775670372793 0.72 0.03924133420536298 0.05333333333333334
0 0.4803793328973185 0.7425641025641025 0.03858731196860693 0.055384615384615386
0 0.48495748855461085 0.862051282051282 0.04251144538914323 0.052307692307692305
0 0.49640287769784175 0.9092307692307692 0.040549378678875085 0.052307692307692305
0 0.5156965336821452 0.8394871794871794 0.03466317854807063 0.050256410256410255
0 0.5294310006540223 0.8892307692307693 0.028122956180510136 0.041025641025641026
0 0.5 0.7912820512820513 0.03858731196860693 0.052307692307692305
0 0.46533682145192934 0.8056410256410257 0.03858731196860693 0.052307692307692305
0 0.46010464355788094 0.9343589743589743 0.03858731196860693 0.059487179487179485
0 0.4434270765206017 0.8769230769230769 0.03793328973185088 0.057435897435897436
0 0.3855461085676913 0.7902564102564102 0.033355134074558535 0.0441025641025641
0 0.4198822759973839 0.7764102564102564 0.02877697841726619 0.04717948717948718
0 0.3999345977763244 0.8430769230769231 0.033355134074558535 0.04512820512820513
0 0.3675604970568999 0.8635897435897436 0.034009156311314584 0.04923076923076923
0 0.3839110529758012 0.9174358974358975 0.04316546762589928 0.05641025641025641
0 0.3897972531066056 0.9676923076923077 0.02485284499672989 0.0441025641025641
0 0.42805755395683454 0.9497435897435897 0.03989535644211903 0.059487179487179485
0 0.3567691301504251 0.8138461538461539 0.028122956180510136 0.04
0 0.3433616742969261 0.7661538461538462 0.030085022890778287 0.036923076923076927
0 0.3302812295618051 0.7153846153846154 0.027468933943754086 0.04
0 0.3646173969914977 0.6994871794871795 0.032047089601046436 0.04923076923076923
0 0.408109875735775 0.7276923076923076 0.034009156311314584 0.050256410256410255
0 0.43884892086330934 0.7112820512820512 0.04316546762589928 0.052307692307692305
0 0.46893394375408765 0.6938461538461539 0.031393067364290386 0.033846153846153845
0 0.395029431000654 0.6794871794871795 0.034009156311314584 0.050256410256410255
0 0.4260954872465664 0.6646153846153846 0.03727926749509483 0.043076923076923075
0 0.4587965990843689 0.6497435897435897 0.03989535644211903 0.046153846153846156
0 0.48757357750163505 0.6317948717948718 0.03727926749509483 0.04512820512820513
0 0.31654676258992803 0.6692307692307692 0.034009156311314584 0.04205128205128205
0 0.38194898626553303 0.6374358974358975 0.027468933943754086 0.0441025641025641
0 0.41007194244604317 0.6235897435897436 0.032701111837802485 0.041025641025641026
0 0.44277305428384567 0.6061538461538462 0.03531720078482668 0.04923076923076923
0 0.4761281883584042 0.5882051282051282 0.032701111837802485 0.048205128205128206
0 0.46337475474166123 0.5456410256410257 0.041203400915631135 0.05128205128205128
0 0.43100065402223675 0.5620512820512821 0.031393067364290386 0.041025641025641026
0 0.40156965336821454 0.5769230769230769 0.031393067364290386 0.04205128205128205
0 0.37148463047743624 0.5938461538461538 0.034009156311314584 0.041025641025641026
0 0.3381294964028777 0.6087179487179487 0.030085022890778287 0.0441025641025641
0 0.3083714846304774 0.6302564102564102 0.03466317854807063 0.0441025641025641
0 0.29888816219751474 0.5835897435897436 0.031393067364290386 0.041025641025641026
0 0.32831916285153695 0.5671794871794872 0.031393067364290386 0.04512820512820513
0 0.35840418574231525 0.5512820512820513 0.030085022890778287 0.046153846153846156
0 0.39045127534336166 0.5358974358974359 0.034009156311314584 0.050256410256410255
0 0.4238064094179202 0.5194871794871795 0.031393067364290386 0.04205128205128205
0 0.29823413996075865 0.7312820512820513 0.026160889470241987 0.04923076923076923
0 0.27992151733158926 0.8041025641025641 0.032701111837802485 0.04717948717948718
0 0.24166121648136035 0.8205128205128205 0.033355134074558535 0.04717948717948718
0 0.1998037933289732 0.7907692307692308 0.033355134074558535 0.05128205128205128
0 0.2668410725964683 0.7523076923076923 0.030085022890778287 0.035897435897435895
0 0.25997383911052974 0.7092307692307692 0.03597122302158273 0.04205128205128205
0 0.22138652714192283 0.7261538461538461 0.030739045127534337 0.04717948717948718
0 0.19162851536952255 0.7466666666666667 0.030085022890778287 0.04717948717948718
0 0.21550032701111838 0.678974358974359 0.029431000654022238 0.041025641025641026
0 0.26520601700457813 0.5994871794871794 0.026814911706998037 0.0441025641025641
0 0.276324395029431 0.642051282051282 0.032047089601046436 0.05128205128205128
0 0.24656638325703073 0.6646153846153846 0.03924133420536298 0.05128205128205128
0 0.20438194898626552 0.6394871794871795 0.03727926749509483 0.050256410256410255
0 0.23839110529758012 0.62 0.03989535644211903 0.048205128205128206
0 0.29888816219751474 0.5841025641025641 0.026160889470241987 0.04205128205128205
0 0.17396991497710923 0.6502564102564102 0.02877697841726619 0.04512820512820513
0 0.18345323741007194 0.6964102564102564 0.029431000654022238 0.04512820512820513
0 0.16415958142576847 0.6112820512820513 0.03531720078482668 0.05333333333333334
0 0.28776978417266186 0.5476923076923077 0.020928711576193592 0.04923076923076923
0 0.34990189666448657 0.5082051282051282 0.032701111837802485 0.04205128205128205
0 0.4368868541530412 0.46717948717948715 0.034009156311314584 0.046153846153846156
0 0.3763897972531066 0.4928205128205128 0.029431000654022238 0.03794871794871795
0 0.30706344015696535 0.48615384615384616 0.028122956180510136 0.038974358974358976
0 0.1487900588620013 0.5287179487179487 0.029431000654022238 0.04
0 0.1788750817527796 0.5138461538461538 0.032047089601046436 0.038974358974358976
0 0.2079790712884238 0.49948717948717947 0.02354480052321779 0.03487179487179487
0 0.2475474166121648 0.5194871794871795 0.033355134074558535 0.05435897435897436
0 0.2782864617396992 0.5051282051282051 0.02289077828646174 0.046153846153846156
0 0.21942446043165467 0.5415384615384615 0.033355134074558535 0.04923076923076923
0 0.2302158273381295 0.5784615384615385 0.03924133420536298 0.043076923076923075
0 0.36657946370176586 0.4594871794871795 0.02289077828646174 0.03282051282051282
0 0.4274035317200785 0.42615384615384616 0.033355134074558535 0.03794871794871795
0 0.39928057553956836 0.44 0.041203400915631135 0.04512820512820513
0 0.38783518639633746 0.40512820512820513 0.03924133420536298 0.04717948717948718
0 0.2998691955526488 0.44871794871794873 0.03597122302158273 0.03794871794871795
0 0.26782210595160233 0.46205128205128204 0.02158273381294964 0.03794871794871795
0 0.2302158273381295 0.4441025641025641 0.02877697841726619 0.04717948717948718
0 0.25997383911052974 0.42717948717948717 0.029431000654022238 0.04
0 0.28875081752779597 0.4123076923076923 0.033355134074558535 0.038974358974358976
0 0.30640941792020926 0.3646153846153846 0.032047089601046436 0.04
0 0.27926749509483323 0.378974358974359 0.03531720078482668 0.0441025641025641
0 0.22204054937867887 0.40564102564102567 0.029431000654022238 0.03794871794871795
0 0.1932635709614127 0.42 0.026814911706998037 0.035897435897435895
0 0.1618705035971223 0.44051282051282054 0.032047089601046436 0.04205128205128205
0 0.13309352517985612 0.45384615384615384 0.029431000654022238 0.04
0 0.4022236756049706 0.3553846153846154 0.02877697841726619 0.0441025641025641
0 0.3655984303466318 0.33589743589743587 0.034009156311314584 0.0441025641025641
0 0.4169391759319817 0.3071794871794872 0.02289077828646174 0.03794871794871795
0 0.36886854153041204 0.25333333333333335 0.02485284499672989 0.03282051282051282
0 0.34270765206017006 0.2692307692307692 0.030085022890778287 0.033846153846153845
0 0.33355134074558535 0.23435897435897435 0.026160889470241987 0.029743589743589743
0 0.3616742969260955 0.2230769230769231 0.02877697841726619 0.035897435897435895
0 0.38783518639633746 0.21128205128205127 0.026160889470241987 0.041025641025641026
0 0.29790712884238063 0.32666666666666666 0.033355134074558535 0.0441025641025641
0 0.2684761281883584 0.3374358974358974 0.032047089601046436 0.04512820512820513
0 0.24166121648136035 0.3528205128205128 0.032047089601046436 0.04512820512820513
0 0.21255722694571616 0.3687179487179487 0.034009156311314584 0.04
0 0.12524525833878353 0.4123076923076923 0.03727926749509483 0.036923076923076927
0 0.06409417920209287 0.4492307692307692 0.03531720078482668 0.036923076923076927
0 0.08731196860693263 0.3943589743589744 0.032047089601046436 0.035897435897435895
0 0.11935905820797907 0.38051282051282054 0.03727926749509483 0.043076923076923075
0 0.17625899280575538 0.3517948717948718 0.03466317854807063 0.043076923076923075
0 0.2027468933943754 0.3312820512820513 0.034009156311314584 0.03282051282051282
0 0.16742969260954874 0.31333333333333335 0.034009156311314584 0.035897435897435895
0 0.07913669064748201 0.3646153846153846 0.030085022890778287 0.033846153846153845
0 0.11020274689339438 0.34307692307692306 0.033355134074558535 0.033846153846153845
0 0.13767168083714845 0.3323076923076923 0.03597122302158273 0.03487179487179487
0 0.25277959450621323 0.27384615384615385 0.03466317854807063 0.04512820512820513
0 0.23642903858731196 0.2123076923076923 0.026814911706998037 0.036923076923076927
0 0.2593198168737737 0.20358974358974358 0.02419882275997384 0.033846153846153845
0 0.2701111837802485 0.2287179487179487 0.02354480052321779 0.03076923076923077
0 0.16285153695225638 0.2835897435897436 0.03531720078482668 0.031794871794871796
0 0.1814911706998038 0.24102564102564103 0.032047089601046436 0.03487179487179487
0 0.17560497056899935 0.20871794871794871 0.025506867233485938 0.033846153846153845
0 0.19162851536952255 0.1671794871794872 0.02223675604970569 0.036923076923076927
0 0.18901242642249835 0.13487179487179488 0.031393067364290386 0.033846153846153845
0 0.24264224983649443 0.13743589743589743 0.02877697841726619 0.03487179487179487
0 0.23642903858731196 0.10615384615384615 0.028122956180510136 0.031794871794871796
0 0.2697841726618705 0.1282051282051282 0.02158273381294964 0.03487179487179487
0 0.29790712884238063 0.11435897435897435 0.02419882275997384 0.03794871794871795
0 0.26520601700457813 0.09538461538461539 0.02289077828646174 0.028717948717948718
0 0.2880967952910399 0.08717948717948718 0.029431000654022238 0.028717948717948718
0 0.2544146500981033 0.06923076923076923 0.020928711576193592 0.027692307692307693
0 0.2341399607586658 0.08256410256410257 0.031393067364290386 0.031794871794871796
0 0.20438194898626552 0.09897435897435898 0.025506867233485938 0.035897435897435895
0 0.15696533682145192 0.14974358974358976 0.02485284499672989 0.03282051282051282
0 0.17952910398953564 0.10564102564102563 0.03466317854807063 0.03282051282051282
0 0.144538914323087 0.21897435897435896 0.02877697841726619 0.035897435897435895
0 0.11870503597122302 0.23435897435897435 0.029431000654022238 0.035897435897435895
0 0.09973839110529759 0.28 0.041203400915631135 0.04512820512820513
0 0.07652060170045781 0.32974358974358975 0.031393067364290386 0.031794871794871796
0 0.10431654676258993 0.31384615384615383 0.032047089601046436 0.03487179487179487
0 0.9516023544800524 0.14615384615384616 0.020928711576193592 0.029743589743589743
0 0.9659908436886854 0.1317948717948718 0.01962066710268149 0.031794871794871796
0 0.9800523217789405 0.11384615384615385 0.020274689339437543 0.02666666666666667
0 0.8633093525179856 0.0882051282051282 0.017004578155657292 0.02666666666666667
0 0.8770438194898627 0.07076923076923076 0.017004578155657292 0.024615384615384615
0 0.8897972531066056 0.05435897435897436 0.01896664486592544 0.03076923076923077
0 0.9051667756703728 0.04051282051282051 0.02223675604970569 0.029743589743589743
0 0.8986265533028123 0.12358974358974359 0.020928711576193592 0.033846153846153845
0 0.9143230869849575 0.1076923076923077 0.02223675604970569 0.02666666666666667
0 0.9431000654022237 0.07641025641025641 0.01962066710268149 0.027692307692307693
0 0.9499672988881622 0.11128205128205128 0.016350555918901243 0.02564102564102564
0 0.9349247874427731 0.12717948717948718 0.020274689339437543 0.028717948717948718
0 0.9754741661216482 0.07641025641025641 0.02289077828646174 0.031794871794871796
0 0.7256376716808371 0.12 0.028122956180510136 0.03282051282051282
0 0.6288423806409418 0.06974358974358974 0.02289077828646174 0.038974358974358976
0 0.552321778940484 0.15846153846153846 0.020274689339437543 0.03794871794871795
0 0.8747547416612165 0.8548717948717949 0.04774362328319163 0.07487179487179488
