0 0.1958796599084369 0.7646153846153846 0.028122956180510136 0.04
0 0.23119686069326356 0.7764102564102564 0.029431000654022238 0.03487179487179487
0 0.2694571615434925 0.7748717948717949 0.034009156311314584 0.0441025641025641
0 0.30967952910398955 0.7764102564102564 0.029431000654022238 0.03282051282051282
0 0.28253760627861346 0.7230769230769231 0.034009156311314584 0.043076923076923075
0 0.35251798561151076 0.7215384615384616 0.027468933943754086 0.04205128205128205
0 0.3881621975147155 0.7317948717948718 0.026814911706998037 0.031794871794871796
0 0.4669718770438195 0.6825641025641026 0.03793328973185088 0.04
0 0.2544146500981033 0.6753846153846154 0.031393067364290386 0.046153846153846156
0 0.2864617396991498 0.6605128205128206 0.027468933943754086 0.041025641025641026
0 0.31916285153695223 0.6723076923076923 0.027468933943754086 0.029743589743589743
0 0.3534990189666449 0.6764102564102564 0.02419882275997384 0.033846153846153845
0 0.39404839764551997 0.676923076923077 0.03989535644211903 0.036923076923076927
0 0.5075212557226946 0.638974358974359 0.040549378678875085 0.04923076923076923
0 0.5732504905166775 0.5964102564102564 0.028122956180510136 0.04205128205128205
0 0.5428384565075213 0.5943589743589743 0.026160889470241987 0.05846153846153846
0 0.4682799215173316 0.6317948717948718 0.03531720078482668 0.05128205128205128
0 0.43132766514061477 0.6343589743589744 0.032047089601046436 0.05641025641025641
0 0.39797253106605623 0.6266666666666667 0.032047089601046436 0.05128205128205128
0 0.2907128842380641 0.6123076923076923 0.030739045127534337 0.04923076923076923
0 0.34238064094179205 0.4717948717948718 0.032047089601046436 0.03282051282051282
0 0.3783518639633748 0.47333333333333333 0.03466317854807063 0.0441025641025641
0 0.4460431654676259 0.48102564102564105 0.034009156311314584 0.041025641025641026
0 0.47972531066056245 0.4846153846153846 0.030739045127534337 0.03794871794871795
0 0.514061478090255 0.48923076923076925 0.030085022890778287 0.038974358974358976
0 0.5434924787442773 0.541025641025641 0.03793328973185088 0.04
0 0.5071942446043165 0.5333333333333333 0.026814911706998037 0.036923076923076927
0 0.4728580771746239 0.5348717948717949 0.03924133420536298 0.050256410256410255
0 0.43884892086330934 0.5323076923076923 0.02877697841726619 0.05128205128205128
0 0.40680183126226294 0.5246153846153846 0.032701111837802485 0.048205128205128206
0 0.3001962066710268 0.5651282051282052 0.032701111837802485 0.05128205128205128
0 0.2459123610202747 0.45794871794871794 0.031393067364290386 0.04
0 0.25277959450621323 0.358974358974359 0.026814911706998037 0.03282051282051282
0 0.289077828646174 0.36564102564102563 0.01962066710268149 0.033846153846153845
0 0.2923479398299542 0.3282051282051282 0.02354480052321779 0.02666666666666667
0 0.3270111183780249 0.33076923076923076 0.02354480052321779 0.02564102564102564
0 0.3185088293001962 0.36974358974358973 0.02223675604970569 0.027692307692307693
0 0.3116415958142577 0.23846153846153847 0.02419882275997384 0.031794871794871796
0 0.35022890778286464 0.2194871794871795 0.026814911706998037 0.03282051282051282
0 0.33093525179856115 0.2887179487179487 0.02485284499672989 0.029743589743589743
0 0.604970568999346 0.32769230769230767 0.02877697841726619 0.046153846153846156
0 0.3620013080444735 0.6205128205128205 0.03466317854807063 0.05333333333333334
0 0.3077174623937214 0.4666666666666667 0.030739045127534337 0.043076923076923075
0 0.275997383911053 0.4625641025641026 0.02877697841726619 0.04512820512820513
0 0.23610202746893394 0.5107692307692308 0.02485284499672989 0.03487179487179487
0 0.6088947024198823 0.2794871794871795 0.027468933943754086 0.048205128205128206
0 0.6363636363636364 0.3353846153846154 0.026160889470241987 0.03282051282051282
0 0.6429038587311968 0.2907692307692308 0.03793328973185088 0.0441025641025641
0 0.6229561805101373 0.20871794871794871 0.02419882275997384 0.046153846153846156
0 0.6494440810987574 0.2194871794871795 0.020928711576193592 0.02666666666666667
0 0.6599084368868542 0.18205128205128204 0.01831262262916939 0.02564102564102564
0 0.6294964028776978 0.16923076923076924 0.033355134074558535 0.036923076923076927
0 0.6330935251798561 0.1317948717948718 0.02354480052321779 0.031794871794871796
0 0.6370176586003924 0.10153846153846154 0.02223675604970569 0.028717948717948718
0 0.6491170699803793 0.2548717948717949 0.02419882275997384 0.02564102564102564
0 0.6801831262262917 0.2630769230769231 0.031393067364290386 0.050256410256410255
0 0.6827992151733159 0.22205128205128205 0.027468933943754086 0.03794871794871795
0 0.4646827992151733 0.1764102564102564 0.04643557880967953 0.06769230769230769
0 0.6693917593198169 0.10871794871794872 0.020274689339437543 0.036923076923076927
0 0.6621975147155004 0.1441025641025641 0.026814911706998037 0.035897435897435895
0 0.6935905820797907 0.14512820512820512 0.028122956180510136 0.04
0 0.6435578809679529 0.07076923076923076 0.02485284499672989 0.024615384615384615
0 0.6478090255068673 0.03538461538461538 0.033355134074558535 0.033846153846153845
0 0.7020928711576193 0.08 0.025506867233485938 0.020512820512820513
0 0.6756049705689994 0.0758974358974359 0.026160889470241987 0.028717948717948718
0 0.7109221713538261 0.017435897435897435 0.02877697841726619 0.03282051282051282
0 0.7089601046435579 0.04923076923076923 0.017004578155657292 0.022564102564102566
0 0.4764551994767822 0.3 0.02289077828646174 0.027692307692307693
0 0.4751471550032701 0.3548717948717949 0.02419882275997384 0.03282051282051282
0 0.5176586003924133 0.44564102564102565 0.03727926749509483 0.0441025641025641
0 0.5539568345323741 0.4451282051282051 0.034009156311314584 0.059487179487179485
0 0.5582079790712884 0.37384615384615383 0.052975801177240024 0.08102564102564103
