0 0.48528449967298887 0.8215384615384616 0.027468933943754086 0.043076923076923075
0 0.4898626553302812 0.7753846153846153 0.031393067364290386 0.03487179487179487
0 0.4172661870503597 0.877948717948718 0.02354480052321779 0.041025641025641026
0 0.4525833878351864 0.8805128205128205 0.02485284499672989 0.03794871794871795
0 0.4843034663178548 0.8728205128205129 0.02419882275997384 0.03487179487179487
0 0.5990843688685416 0.6035897435897436 0.02354480052321779 0.033846153846153845
0 0.5967952910398954 0.6430769230769231 0.02419882275997384 0.03487179487179487
0 0.6262262916939176 0.6569230769230769 0.02419882275997384 0.04205128205128205
0 0.6265533028122956 0.6174358974358974 0.02223675604970569 0.02666666666666667
0 0.6563113145846958 0.6348717948717949 0.02419882275997384 0.03487179487179487
0 0.6527141922825376 0.6728205128205128 0.02223675604970569 0.03487179487179487
0 0.6801831262262917 0.6820512820512821 0.02354480052321779 0.03076923076923077
0 0.6834532374100719 0.6456410256410257 0.01831262262916939 0.031794871794871796
0 0.7115761935905821 0.6625641025641026 0.02354480052321779 0.03487179487179487
0 0.7089601046435579 0.7061538461538461 0.026160889470241987 0.035897435897435895
0 0.7406801831262263 0.6353846153846154 0.02289077828646174 0.029743589743589743
0 0.7393721386527142 0.6748717948717948 0.028122956180510136 0.036923076923076927
0 0.73675604970569 0.7158974358974359 0.029431000654022238 0.03076923076923077
0 0.7331589274035317 0.7635897435897436 0.02354480052321779 0.04205128205128205
0 0.7583387835186396 0.7723076923076924 0.01896664486592544 0.03487179487179487
0 0.6994767822105952 0.837948717948718 0.025506867233485938 0.041025641025641026
0 0.7053629823413996 0.7953846153846154 0.020274689339437543 0.04205128205128205
0 0.604970568999346 0.5702564102564103 0.02485284499672989 0.02666666666666667
0 0.7969260954872466 0.8517948717948718 0.030739045127534337 0.0441025641025641
0 0.8842380640941792 0.782051282051282 0.03531720078482668 0.048205128205128206
0 0.9041857423152387 0.17897435897435898 0.02289077828646174 0.027692307692307693
0 0.9296926095487247 0.15435897435897436 0.02419882275997384 0.019487179487179488
0 0.934597776324395 0.18205128205128204 0.01962066710268149 0.027692307692307693
0 0.959777632439503 0.15384615384615385 0.02158273381294964 0.03076923076923077
0 0.9640287769784173 0.1882051282051282 0.020928711576193592 0.027692307692307693
0 0.959123610202747 0.11897435897435897 0.02158273381294964 0.024615384615384615
0 0.9574885546108568 0.08717948717948718 0.015696533682145193 0.018461538461538463
0 0.9300196206671026 0.08153846153846153 0.026160889470241987 0.029743589743589743
0 0.8966644865925442 0.045641025641025644 0.040549378678875085 0.031794871794871796
0 0.592871157619359 0.19538461538461538 0.03858731196860693 0.050256410256410255
0 0.46141268803139307 0.2815384615384615 0.032047089601046436 0.035897435897435895
0 0.41465009810333553 0.28923076923076924 0.034009156311314584 0.02666666666666667
0 0.7596468279921518 0.5184615384615384 0.03727926749509483 0.052307692307692305
0 0.8064094179202093 0.5374358974358975 0.031393067364290386 0.04923076923076923
0 0.8387835186396337 0.5487179487179488 0.02419882275997384 0.05128205128205128
0 0.855461085676913 0.6430769230769231 0.01962066710268149 0.038974358974358976
0 0.8796599084368869 0.6548717948717949 0.02485284499672989 0.04
0 0.9398299542184434 0.5082051282051282 0.027468933943754086 0.031794871794871796
0 0.974166121648136 0.5164102564102564 0.020274689339437543 0.033846153846153845
0 0.7279267495094833 0.32871794871794874 0.03662524525833878 0.052307692307692305
0 0.9751471550032701 0.27025641025641023 0.031393067364290386 0.035897435897435895
0 0.9447351209941138 0.2641025641025641 0.02289077828646174 0.033846153846153845
0 0.9159581425768476 0.258974358974359 0.025506867233485938 0.031794871794871796
0 0.921190320470896 0.30205128205128207 0.029431000654022238 0.029743589743589743
0 0.9715500327011118 0.43743589743589745 0.02419882275997384 0.0441025641025641
0 0.959777632439503 0.3851282051282051 0.029431000654022238 0.050256410256410255
0 0.9852844996729889 0.34615384615384615 0.029431000654022238 0.03794871794871795
0 0.4064748201438849 0.21897435897435896 0.06736429038587312 0.09128205128205129
0 0.4169391759319817 0.9261538461538461 0.026814911706998037 0.04512820512820513
0 0.460431654676259 0.7764102564102564 0.02223675604970569 0.036923076923076927
0 0.6010464355788097 0.5312820512820513 0.015696533682145193 0.02666666666666667
0 0.7717462393721386 0.6928205128205128 0.026160889470241987 0.031794871794871796
0 0.5039241334205363 0.6338461538461538 0.025506867233485938 0.038974358974358976
0 0.36363636363636365 0.8225641025641026 0.026160889470241987 0.036923076923076927
