0 0.3711576193590582 0.8574358974358974 0.03989535644211903 0.04923076923076923
0 0.20863309352517986 0.6974358974358974 0.04316546762589928 0.059487179487179485
0 0.12753433616742968 0.6661538461538462 0.04316546762589928 0.050256410256410255
0 0.16252452583387836 0.5733333333333334 0.04512753433616743 0.055384615384615386
0 0.0565729234793983 0.6794871794871795 0.05428384565075212 0.05846153846153846
0 0.45552648790058864 0.6235897435897436 0.03727926749509483 0.05128205128205128
0 0.4182472204054938 0.6025641025641025 0.020274689339437543 0.029743589743589743
0 0.47351209941138 0.7528205128205128 0.03531720078482668 0.04923076923076923
0 0.591563113145847 0.7056410256410256 0.026814911706998037 0.041025641025641026
0 0.5797907128842381 0.8174358974358974 0.030739045127534337 0.05333333333333334
0 0.6298234139960759 0.8112820512820513 0.031393067364290386 0.043076923076923075
0 0.6415958142576847 0.8441025641025641 0.02485284499672989 0.03076923076923077
0 0.7347939829954219 0.8630769230769231 0.028122956180510136 0.04
0 0.7164813603662524 0.7528205128205128 0.02158273381294964 0.03487179487179487
0 0.7200784826684107 0.6882051282051282 0.02485284499672989 0.038974358974358976
0 0.7586657946370177 0.7456410256410256 0.02877697841726619 0.041025641025641026
0 0.7694571615434925 0.78 0.029431000654022238 0.033846153846153845
0 0.7805755395683454 0.8205128205128205 0.030739045127534337 0.041025641025641026
0 0.7266187050359713 0.6574358974358975 0.02877697841726619 0.041025641025641026
0 0.7030739045127534 0.5943589743589743 0.026160889470241987 0.04
0 0.6353826030085022 0.5235897435897436 0.02158273381294964 0.033846153846153845
0 0.28776978417266186 0.5343589743589744 0.051013734466971876 0.059487179487179485
0 0.2485284499672989 0.49948717948717947 0.03531720078482668 0.04923076923076923
0 0.315892740353172 0.47384615384615386 0.04839764551994768 0.06358974358974359
0 0.33976455199476785 0.37846153846153846 0.033355134074558535 0.04717948717948718
0 0.4218443427076521 0.4153846153846154 0.02877697841726619 0.043076923076923075
0 0.4090909090909091 0.4564102564102564 0.04381948986265533 0.05333333333333334
0 0.4561805101373447 0.43641025641025644 0.032047089601046436 0.04
0 0.33355134074558535 0.2558974358974359 0.03793328973185088 0.0441025641025641
0 0.13309352517985612 0.2917948717948718 0.033355134074558535 0.04205128205128205
0 0.1827992151733159 0.2641025641025641 0.04381948986265533 0.05435897435897436
0 0.41530412034009156 0.027692307692307693 0.034009156311314584 0.041025641025641026
0 0.4274035317200785 0.0558974358974359 0.029431000654022238 0.031794871794871796
0 0.27665140614780903 0.798974358974359 0.031393067364290386 0.055384615384615386
0 0.315565729234794 0.8728205128205129 0.026814911706998037 0.057435897435897436
0 0.5827338129496403 0.4230769230769231 0.02223675604970569 0.033846153846153845
0 0.606278613472858 0.4379487179487179 0.01962066710268149 0.03076923076923077
0 0.6131458469587966 0.3933333333333333 0.025506867233485938 0.033846153846153845
0 0.5824068018312623 0.3641025641025641 0.032047089601046436 0.04923076923076923
0 0.6566383257030739 0.38974358974358975 0.026160889470241987 0.041025641025641026
0 0.6550032701111838 0.4517948717948718 0.033355134074558535 0.04205128205128205
0 0.671680837148463 0.5056410256410256 0.026160889470241987 0.043076923076923075
0 0.6890124264224984 0.42256410256410254 0.028122956180510136 0.04512820512820513
0 0.7164813603662524 0.5117948717948718 0.028122956180510136 0.04512820512820513
0 0.7432962720732504 0.5871794871794872 0.026814911706998037 0.04205128205128205
0 0.7315238718116416 0.5564102564102564 0.01765860039241334 0.029743589743589743
0 0.7720732504905167 0.48256410256410254 0.030739045127534337 0.04205128205128205
0 0.7446043165467626 0.47846153846153844 0.01765860039241334 0.033846153846153845
0 0.7289077828646174 0.48205128205128206 0.02289077828646174 0.024615384615384615
0 0.7194244604316546 0.46 0.026160889470241987 0.02564102564102564
0 0.7982341399607586 0.39179487179487177 0.02158273381294964 0.04512820512820513
0 0.8332243296272073 0.4282051282051282 0.01962066710268149 0.027692307692307693
0 0.8534990189666448 0.4317948717948718 0.02485284499672989 0.03487179487179487
0 0.8907782864617397 0.35384615384615387 0.034009156311314584 0.04923076923076923
0 0.9414650098103335 0.4728205128205128 0.025506867233485938 0.036923076923076927
0 0.8531720078482669 0.8035897435897436 0.032047089601046436 0.05846153846153846
0 0.7956180510137345 0.7333333333333333 0.03989535644211903 0.059487179487179485
0 0.8760627861347285 0.6846153846153846 0.04643557880967953 0.08512820512820513
0 0.7691301504251145 0.31846153846153846 0.02485284499672989 0.029743589743589743
0 0.4758011772400262 0.17692307692307693 0.03466317854807063 0.050256410256410255
0 0.4898626553302812 0.24102564102564103 0.040549378678875085 0.06358974358974359
0 0.5173315892740353 0.11641025641025642 0.032701111837802485 0.052307692307692305
0 0.5611510791366906 0.30564102564102563 0.031393067364290386 0.055384615384615386
0 0.5876389797253107 0.30974358974358973 0.032047089601046436 0.04512820512820513
0 0.6258992805755396 0.3046153846153846 0.02354480052321779 0.03282051282051282
0 0.8364944408109876 0.1841025641025641 0.03793328973185088 0.050256410256410255
0 0.8293001962066711 0.08666666666666667 0.04708960104643558 0.05641025641025641
0 0.7858077174623938 0.08205128205128205 0.029431000654022238 0.043076923076923075
0 0.7531066056245912 0.0841025641025641 0.033355134074558535 0.041025641025641026
0 0.7393721386527142 0.19538461538461538 0.029431000654022238 0.04205128205128205
0 0.7161543492478745 0.2230769230769231 0.020928711576193592 0.027692307692307693
0 0.7334859385219098 0.27384615384615385 0.02158273381294964 0.03076923076923077
0 0.6527141922825376 0.26615384615384613 0.02223675604970569 0.033846153846153845
0 0.6657946370176586 0.298974358974359 0.027468933943754086 0.04
0 0.6952256376716809 0.3374358974358974 0.027468933943754086 0.04512820512820513
0 0.7128842380640942 0.3194871794871795 0.02485284499672989 0.035897435897435895
0 0.6608894702419882 0.20307692307692307 0.02419882275997384 0.03076923076923077
0 0.631131458469588 0.2076923076923077 0.026160889470241987 0.0441025641025641
0 0.46337475474166123 0.04871794871794872 0.03597122302158273 0.046153846153846156
0 0.49934597776324396 0.038461538461538464 0.030739045127534337 0.04205128205128205
0 0.7155003270111184 0.10512820512820513 0.03924133420536298 0.048205128205128206
0 0.7580117724002616 0.13025641025641024 0.026160889470241987 0.03282051282051282
0 0.7638979725310661 0.25846153846153846 0.026160889470241987 0.036923076923076927
0 0.8221059516023544 0.2712820512820513 0.027468933943754086 0.033846153846153845
0 0.8194898626553303 0.301025641025641 0.02877697841726619 0.035897435897435895
0 0.7936559843034663 0.13846153846153847 0.025506867233485938 0.02666666666666667
0 0.7965990843688685 0.18 0.01962066710268149 0.029743589743589743
0 0.8073904512753434 0.20512820512820512 0.026814911706998037 0.03487179487179487
0 0.5062132112491825 0.1764102564102564 0.034009156311314584 0.04923076923076923
