0 0.17462393721386527 0.8117948717948718 0.027468933943754086 0.035897435897435895
0 0.2053629823413996 0.8128205128205128 0.02354480052321779 0.03794871794871795
0 0.210595160235448 0.7692307692307693 0.027468933943754086 0.03487179487179487
0 0.18247220405493786 0.7692307692307693 0.027468933943754086 0.03487179487179487
0 0.18901242642249835 0.7251282051282051 0.027468933943754086 0.036923076923076927
0 0.21778940483976456 0.7256410256410256 0.02354480052321779 0.04205128205128205
0 0.19914977109221713 0.68 0.028122956180510136 0.038974358974358976
0 0.23512099411379986 0.64 0.02289077828646174 0.03282051282051282
0 0.3185088293001962 0.6461538461538462 0.030085022890778287 0.036923076923076927
0 0.26324395029431 0.6435897435897436 0.02289077828646174 0.027692307692307693
0 0.28875081752779597 0.6441025641025641 0.02419882275997384 0.03282051282051282
0 0.25310660562459125 0.6846153846153846 0.02877697841726619 0.04205128205128205
0 0.22858077174623936 0.6820512820512821 0.030739045127534337 0.036923076923076927
0 0.2858077174623937 0.6876923076923077 0.027468933943754086 0.033846153846153845
0 0.30967952910398955 0.6902564102564103 0.02419882275997384 0.038974358974358976
0 0.302158273381295 0.7784615384615384 0.020928711576193592 0.043076923076923075
0 0.342053629823414 0.6876923076923077 0.02877697841726619 0.03794871794871795
0 0.31000654022236757 0.7302564102564103 0.02877697841726619 0.036923076923076927
0 0.3381294964028777 0.7348717948717949 0.027468933943754086 0.0441025641025641
0 0.33060824068018313 0.7794871794871795 0.025506867233485938 0.03076923076923077
0 0.29529103989535643 0.6066666666666667 0.02158273381294964 0.029743589743589743
0 0.3250490516677567 0.6092307692307692 0.020928711576193592 0.028717948717948718
0 0.3512099411379987 0.6092307692307692 0.020928711576193592 0.03076923076923077
0 0.37181164159581426 0.6528205128205128 0.02419882275997384 0.035897435897435895
0 0.4054937867887508 0.6143589743589744 0.034009156311314584 0.038974358974358976
0 0.3776978417266187 0.6164102564102564 0.028122956180510136 0.036923076923076927
0 0.4051667756703728 0.6579487179487179 0.025506867233485938 0.0441025641025641
0 0.43067364290385873 0.658974358974359 0.029431000654022238 0.03794871794871795
0 0.355134074558535 0.8271794871794872 0.020928711576193592 0.031794871794871796
0 0.3247220405493787 0.8235897435897436 0.02158273381294964 0.043076923076923075
0 0.36363636363636365 0.735897435897436 0.02877697841726619 0.04
0 0.38881621975147157 0.7815384615384615 0.033355134074558535 0.04717948717948718
0 0.3577501635055592 0.7815384615384615 0.01962066710268149 0.04512820512820513
0 0.39306736429038586 0.74 0.027468933943754086 0.04
0 0.3858731196860693 0.8235897435897436 0.01962066710268149 0.028717948717948718
0 0.3999345977763244 0.6958974358974359 0.02289077828646174 0.03794871794871795
0 0.42805755395683454 0.6974358974358974 0.032047089601046436 0.05128205128205128
0 0.4221713538260301 0.7389743589743589 0.025506867233485938 0.04205128205128205
0 0.4172661870503597 0.7835897435897435 0.027468933943754086 0.043076923076923075
0 0.4156311314584696 0.8317948717948718 0.02289077828646174 0.043076923076923075
0 0.44669718770438194 0.8297435897435897 0.020928711576193592 0.028717948717948718
0 0.447351209941138 0.7841025641025641 0.027468933943754086 0.048205128205128206
0 0.45225637671680835 0.7430769230769231 0.026814911706998037 0.03794871794871795
0 0.4594506213211249 0.7 0.02419882275997384 0.02564102564102564
0 0.4836494440810988 0.7466666666666667 0.025506867233485938 0.038974358974358976
0 0.4807063440156965 0.7887179487179488 0.032701111837802485 0.043076923076923075
0 0.4761281883584042 0.841025641025641 0.02877697841726619 0.04512820512820513
0 0.6916285153695225 0.7466666666666667 0.029431000654022238 0.04512820512820513
0 0.6968606932635709 0.7092307692307692 0.030739045127534337 0.035897435897435895
0 0.7207325049051668 0.7492307692307693 0.031393067364290386 0.04
0 0.7262916939175932 0.7148717948717949 0.030739045127534337 0.043076923076923075
0 0.749182472204055 0.7548717948717949 0.028122956180510136 0.041025641025641026
0 0.7844996729888816 0.7266666666666667 0.03597122302158273 0.04
0 0.7547416612164813 0.7184615384615385 0.031393067364290386 0.04
0 0.7930019620667103 0.764102564102564 0.051667756703727925 0.055384615384615386
0 0.4699149771092217 0.45076923076923076 0.02419882275997384 0.021538461538461538
0 0.49313276651406146 0.4512820512820513 0.02485284499672989 0.03487179487179487
0 0.5212557226945717 0.46153846153846156 0.027468933943754086 0.041025641025641026
0 0.5016350555918901 0.42153846153846153 0.02877697841726619 0.041025641025641026
0 0.5297580117724002 0.4235897435897436 0.034009156311314584 0.041025641025641026
0 0.4758011772400262 0.41846153846153844 0.020274689339437543 0.028717948717948718
0 0.4408109875735775 0.44666666666666666 0.01962066710268149 0.029743589743589743
0 0.44800523217789406 0.4123076923076923 0.02223675604970569 0.024615384615384615
0 0.29005886200130804 0.4235897435897436 0.025506867233485938 0.03282051282051282
0 0.30117724002616086 0.38769230769230767 0.02419882275997384 0.03282051282051282
0 0.2655330281229562 0.4194871794871795 0.02223675604970569 0.036923076923076927
0 0.24166121648136035 0.4128205128205128 0.026814911706998037 0.031794871794871796
0 0.2171353826030085 0.41025641025641024 0.01831262262916939 0.03076923076923077
0 0.19391759319816873 0.40923076923076923 0.01896664486592544 0.043076923076923075
0 0.3181818181818182 0.42512820512820515 0.020274689339437543 0.033846153846153845
0 0.3371484630477436 0.36102564102564105 0.02289077828646174 0.03487179487179487
0 0.3917593198168738 0.43948717948717947 0.02354480052321779 0.031794871794871796
0 0.40320470896010463 0.40615384615384614 0.026814911706998037 0.036923076923076927
0 0.3381294964028777 0.4317948717948718 0.014388489208633094 0.02666666666666667
0 0.35251798561151076 0.39692307692307693 0.014388489208633094 0.028717948717948718
0 0.4829954218443427 0.38769230769230767 0.01765860039241334 0.03282051282051282
0 0.5124264224983649 0.3912820512820513 0.026814911706998037 0.03794871794871795
0 0.644538914323087 0.7076923076923077 0.032047089601046436 0.038974358974358976
0 0.5346631785480707 0.7630769230769231 0.03727926749509483 0.05128205128205128
0 0.565402223675605 0.7558974358974359 0.03466317854807063 0.04923076923076923
0 0.9653368214519293 0.41025641025641024 0.06278613472858077 0.09230769230769231
0 0.9061478090255068 0.5374358974358975 0.07652060170045781 0.12102564102564102
0 0.7063440156965337 0.4512820512820513 0.02485284499672989 0.036923076923076927
0 0.6788750817527796 0.48256410256410254 0.030085022890778287 0.04
0 0.7331589274035317 0.4574358974358974 0.026160889470241987 0.038974358974358976
0 0.7576847612818836 0.49230769230769234 0.030739045127534337 0.036923076923076927
0 0.6520601700457815 0.4758974358974359 0.030085022890778287 0.043076923076923075
0 0.5990843688685416 0.4707692307692308 0.031393067364290386 0.04512820512820513
0 0.6059516023544801 0.4323076923076923 0.030739045127534337 0.035897435897435895
0 0.6327665140614781 0.43435897435897436 0.029431000654022238 0.03794871794871795
0 0.5739045127534336 0.4641025641025641 0.028122956180510136 0.035897435897435895
0 0.7083060824068018 0.48307692307692307 0.034009156311314584 0.043076923076923075
0 0.7907128842380641 0.6282051282051282 0.020928711576193592 0.033846153846153845
0 0.7864617396991498 0.6892307692307692 0.033355134074558535 0.043076923076923075
0 0.7563767168083715 0.6907692307692308 0.033355134074558535 0.052307692307692305
0 0.7302158273381295 0.6856410256410257 0.025506867233485938 0.04205128205128205
0 0.6994767822105952 0.6820512820512821 0.030739045127534337 0.041025641025641026
0 0.985938521909745 0.21897435897435896 0.025506867233485938 0.029743589743589743
0 0.9862655330281229 0.19333333333333333 0.02223675604970569 0.031794871794871796
0 0.9656638325703074 0.21794871794871795 0.030739045127534337 0.04
0 0.9663178548070634 0.19076923076923077 0.026814911706998037 0.038974358974358976
0 0.9620667102681492 0.16564102564102565 0.02877697841726619 0.029743589743589743
0 0.9185742315238719 0.16153846153846155 0.025506867233485938 0.027692307692307693
0 0.9162851536952257 0.20256410256410257 0.02485284499672989 0.027692307692307693
0 0.9185742315238719 0.18205128205128204 0.032047089601046436 0.029743589743589743
