0 0.019293655984303465 0.7343589743589743 0.02289077828646174 0.03282051282051282
0 0.04349247874427731 0.7415384615384616 0.02158273381294964 0.02666666666666667
0 0.06899934597776325 0.742051282051282 0.02419882275997384 0.029743589743589743
0 0.09287115761935906 0.7410256410256411 0.020928711576193592 0.029743589743589743
0 0.1196860693263571 0.7425641025641025 0.02354480052321779 0.03487179487179487
0 0.14421190320470895 0.7435897435897436 0.02289077828646174 0.038974358974358976
0 0.17037279267495095 0.7451282051282051 0.02158273381294964 0.033846153846153845
0 0.19424460431654678 0.7528205128205128 0.027468933943754086 0.03076923076923077
0 0.2223675604970569 0.7005128205128205 0.02223675604970569 0.038974358974358976
0 0.1998037933289732 0.696923076923077 0.025506867233485938 0.027692307692307693
0 0.17004578155657293 0.6917948717948718 0.02223675604970569 0.029743589743589743
0 0.14682799215173317 0.6923076923076923 0.02419882275997384 0.03076923076923077
0 0.12524525833878353 0.6887179487179487 0.02289077828646174 0.029743589743589743
0 0.0987573577501635 0.6917948717948718 0.02223675604970569 0.033846153846153845
0 0.07619359058207979 0.6882051282051282 0.02419882275997384 0.03282051282051282
0 0.04937867887508175 0.6876923076923077 0.025506867233485938 0.031794871794871796
0 0.02485284499672989 0.6846153846153846 0.01962066710268149 0.035897435897435895
0 0.03368214519293656 0.6353846153846154 0.026814911706998037 0.035897435897435895
0 0.0578809679529104 0.6384615384615384 0.02289077828646174 0.03794871794871795
0 0.08142576847612819 0.6348717948717949 0.02289077828646174 0.038974358974358976
0 0.10431654676258993 0.6338461538461538 0.02419882275997384 0.03487179487179487
0 0.12786134728580772 0.6441025641025641 0.026814911706998037 0.03282051282051282
0 0.1527141922825376 0.6451282051282051 0.02419882275997384 0.03076923076923077
0 0.17920209287115763 0.6405128205128205 0.027468933943754086 0.035897435897435895
0 0.20568999345977762 0.6461538461538462 0.026814911706998037 0.038974358974358976
0 0.22792674950948333 0.6492307692307693 0.025506867233485938 0.03282051282051282
0 0.23315892740353172 0.5953846153846154 0.02158273381294964 0.033846153846153845
0 0.20634401569653368 0.5943589743589743 0.02419882275997384 0.035897435897435895
0 0.18214519293655984 0.5897435897435898 0.02158273381294964 0.03076923076923077
0 0.15958142576847612 0.5912820512820512 0.02354480052321779 0.035897435897435895
0 0.13603662524525834 0.5917948717948718 0.02354480052321779 0.03076923076923077
0 0.1105297580117724 0.5887179487179487 0.02354480052321779 0.03282051282051282
0 0.08534990189666448 0.5841025641025641 0.020274689339437543 0.02564102564102564
0 0.06115107913669065 0.5861538461538461 0.01896664486592544 0.029743589743589743
0 0.041203400915631135 0.581025641025641 0.017004578155657292 0.029743589743589743
0 0.04839764551994768 0.5358974358974359 0.02223675604970569 0.029743589743589743
0 0.07194244604316546 0.5302564102564102 0.02223675604970569 0.03076923076923077
0 0.09614126880313931 0.5333333333333333 0.01831262262916939 0.024615384615384615
0 0.1170699803793329 0.5364102564102564 0.02485284499672989 0.028717948717948718
0 0.14159581425768475 0.54 0.02289077828646174 0.031794871794871796
0 0.16906474820143885 0.5420512820512821 0.02158273381294964 0.027692307692307693
0 0.18737737083060824 0.5394871794871795 0.025506867233485938 0.036923076923076927
0 0.21419228253760628 0.5476923076923077 0.02158273381294964 0.036923076923076927
0 0.2380640941792021 0.5441025641025641 0.02354480052321779 0.031794871794871796
0 0.2419882275997384 0.4958974358974359 0.02354480052321779 0.033846153846153845
0 0.21648136036625246 0.4917948717948718 0.026160889470241987 0.035897435897435895
0 0.1945716154349248 0.49230769230769234 0.02419882275997384 0.03282051282051282
0 0.17168083714846305 0.4948717948717949 0.02289077828646174 0.03794871794871795
0 0.14813603662524527 0.4897435897435897 0.025506867233485938 0.031794871794871796
0 0.1223021582733813 0.4876923076923077 0.01962066710268149 0.033846153846153845
0 0.10071942446043165 0.4887179487179487 0.02354480052321779 0.029743589743589743
0 0.07619359058207979 0.48512820512820515 0.02158273381294964 0.03282051282051282
0 0.05591890124264225 0.48256410256410254 0.020274689339437543 0.02564102564102564
0 0.06245912361020275 0.438974358974359 0.020274689339437543 0.03282051282051282
0 0.08338783518639634 0.43641025641025644 0.02158273381294964 0.035897435897435895
0 0.10627861347285808 0.43435897435897436 0.02158273381294964 0.027692307692307693
0 0.12786134728580772 0.43641025641025644 0.02158273381294964 0.029743589743589743
0 0.1527141922825376 0.44 0.020274689339437543 0.03076923076923077
0 0.17527795945062133 0.44256410256410256 0.020928711576193592 0.033846153846153845
0 0.1984957488554611 0.4441025641025641 0.02158273381294964 0.028717948717948718
0 0.22400261608894703 0.4461538461538462 0.02289077828646174 0.03487179487179487
0 0.24689339437540878 0.44461538461538463 0.02289077828646174 0.031794871794871796
0 0.2511445389143231 0.39897435897435896 0.01831262262916939 0.036923076923076927
0 0.22694571615434925 0.3974358974358974 0.02485284499672989 0.033846153846153845
0 0.20209287115761937 0.3953846153846154 0.02223675604970569 0.031794871794871796
0 0.18083714846304774 0.39384615384615385 0.020274689339437543 0.03487179487179487
0 0.15990843688685416 0.39384615384615385 0.02289077828646174 0.036923076923076927
0 0.13865271419228253 0.3923076923076923 0.020928711576193592 0.031794871794871796
0 0.11216481360366252 0.38974358974358975 0.026814911706998037 0.028717948717948718
0 0.08960104643557881 0.3943589743589744 0.02485284499672989 0.027692307692307693
0 0.06671026814911707 0.39076923076923076 0.015696533682145193 0.028717948717948718
0 0.2544146500981033 0.35743589743589743 0.027468933943754086 0.033846153846153845
0 0.2302158273381295 0.35743589743589743 0.020928711576193592 0.031794871794871796
0 0.18639633747547416 0.3507692307692308 0.02354480052321779 0.041025641025641026
0 0.16285153695225638 0.34974358974358977 0.027468933943754086 0.03282051282051282
0 0.1419228253760628 0.35025641025641024 0.02223675604970569 0.03794871794871795
0 0.11903204708960105 0.3466666666666667 0.02485284499672989 0.03487179487179487
0 0.09516023544800523 0.3466666666666667 0.025506867233485938 0.03487179487179487
0 0.17724002616088946 0.2671794871794872 0.041857423152387184 0.048205128205128206
0 0.2619359058207979 0.28512820512820514 0.03597122302158273 0.04923076923076923
0 0.3198168737737083 0.28923076923076924 0.041857423152387184 0.04923076923076923
0 0.37442773054283846 0.2958974358974359 0.026814911706998037 0.03794871794871795
0 0.40974493132766515 0.2964102564102564 0.041203400915631135 0.041025641025641026
0 0.4381948986265533 0.2548717948717949 0.03924133420536298 0.07076923076923076
0 0.4650098103335513 0.2117948717948718 0.04839764551994768 0.06256410256410257
0 0.5549378678875082 0.2553846153846154 0.04643557880967953 0.06564102564102564
0 0.3803139306736429 0.16153846153846155 0.058207979071288427 0.07076923076923076
0 0.40876389797253104 0.11435897435897435 0.04839764551994768 0.06461538461538462
0 0.4463701765860039 0.11487179487179487 0.026814911706998037 0.036923076923076927
0 0.23871811641595814 0.17025641025641025 0.04839764551994768 0.055384615384615386
0 0.2517985611510791 0.2123076923076923 0.026160889470241987 0.036923076923076927
0 0.07848266841072596 0.17846153846153845 0.04970568999345978 0.05333333333333334
0 0.18476128188358404 0.1276923076923077 0.04381948986265533 0.06461538461538462
0 0.12295618051013735 0.12666666666666668 0.030085022890778287 0.029743589743589743
0 0.07553956834532374 0.12666666666666668 0.033355134074558535 0.0441025641025641
0 0.03793328973185088 0.3446153846153846 0.03662524525833878 0.055384615384615386
0 0.03302812295618051 0.39179487179487177 0.03858731196860693 0.04717948717948718
0 0.02714192282537606 0.44256410256410256 0.04251144538914323 0.048205128205128206
0 0.302812295618051 0.35025641025641024 0.01831262262916939 0.03794871794871795
0 0.3240680183126226 0.35025641025641024 0.02289077828646174 0.03794871794871795
0 0.34793982995421846 0.3517948717948718 0.02485284499672989 0.024615384615384615
0 0.3698495748855461 0.3517948717948718 0.02158273381294964 0.03076923076923077
0 0.39404839764551997 0.35435897435897434 0.026814911706998037 0.03794871794871795
0 0.4133420536298234 0.35435897435897434 0.01831262262916939 0.04
0 0.43917593198168736 0.35846153846153844 0.026814911706998037 0.035897435897435895
0 0.46108567691301505 0.36564102564102563 0.02354480052321779 0.031794871794871796
0 0.460431654676259 0.40307692307692305 0.02223675604970569 0.03487179487179487
0 0.4355788096795291 0.40615384615384614 0.02223675604970569 0.03487179487179487
0 0.4110529758011772 0.4087179487179487 0.028122956180510136 0.03794871794871795
0 0.36625245258338784 0.4015384615384615 0.02354480052321779 0.033846153846153845
0 0.34270765206017006 0.3974358974358974 0.02485284499672989 0.033846153846153845
0 0.3221059516023545 0.39487179487179486 0.025506867233485938 0.03282051282051282
0 0.29856115107913667 0.3974358974358974 0.02158273381294964 0.03794871794871795
0 0.27468933943754087 0.39384615384615385 0.027468933943754086 0.038974358974358976
0 0.2684761281883584 0.442051282051282 0.02289077828646174 0.03487179487179487
0 0.29627207325049054 0.44461538461538463 0.02223675604970569 0.03794871794871795
0 0.3168737737083061 0.44256410256410256 0.026814911706998037 0.04
0 0.34172661870503596 0.4461538461538462 0.025506867233485938 0.03487179487179487
0 0.36625245258338784 0.44666666666666666 0.02354480052321779 0.031794871794871796
0 0.38750817527795944 0.4517948717948718 0.02158273381294964 0.031794871794871796
0 0.4107259646827992 0.4523076923076923 0.017004578155657292 0.03076923076923077
0 0.43361674296926095 0.4558974358974359 0.026160889470241987 0.04205128205128205
0 0.4587965990843689 0.4605128205128205 0.020274689339437543 0.03076923076923077
0 0.2684761281883584 0.4846153846153846 0.02158273381294964 0.033846153846153845
0 0.2871157619359058 0.48615384615384616 0.02223675604970569 0.03076923076923077
0 0.3142576847612819 0.49230769230769234 0.026814911706998037 0.03487179487179487
0 0.33878351863963374 0.4928205128205128 0.020928711576193592 0.029743589743589743
0 0.36102027468933945 0.49846153846153846 0.020928711576193592 0.041025641025641026
0 0.3865271419228254 0.4969230769230769 0.02485284499672989 0.033846153846153845
0 0.408109875735775 0.5005128205128205 0.01831262262916939 0.036923076923076927
0 0.4326357096141269 0.49435897435897436 0.02158273381294964 0.028717948717948718
0 0.4594506213211249 0.49743589743589745 0.01765860039241334 0.03487179487179487
0 0.45291039895356444 0.5451282051282051 0.01896664486592544 0.033846153846153845
0 0.4048397645519948 0.5492307692307692 0.020928711576193592 0.033846153846153845
0 0.4290385873119686 0.5451282051282051 0.02223675604970569 0.03794871794871795
0 0.38227599738391105 0.5435897435897435 0.02289077828646174 0.03487179487179487
0 0.3577501635055592 0.5435897435897435 0.020928711576193592 0.03487179487179487
0 0.3355134074558535 0.5420512820512821 0.027468933943754086 0.031794871794871796
0 0.3132766514061478 0.5394871794871795 0.031393067364290386 0.028717948717948718
0 0.2884238064094179 0.5405128205128205 0.02223675604970569 0.036923076923076927
0 0.26357096141268804 0.5405128205128205 0.026160889470241987 0.036923076923076927
0 0.4525833878351864 0.6030769230769231 0.026160889470241987 0.041025641025641026
0 0.4277305428384565 0.6035897435897436 0.026160889470241987 0.04205128205128205
0 0.4022236756049706 0.5958974358974359 0.020928711576193592 0.03076923076923077
0 0.3790058862001308 0.5928205128205128 0.025506867233485938 0.028717948717948718
0 0.3538260300850229 0.5917948717948718 0.026160889470241987 0.03076923076923077
0 0.3315892740353172 0.5933333333333334 0.01831262262916939 0.033846153846153845
0 0.30706344015696535 0.5866666666666667 0.02419882275997384 0.03282051282051282
0 0.2838456507521256 0.5897435897435898 0.02354480052321779 0.038974358974358976
0 0.25833878351863965 0.5835897435897436 0.02223675604970569 0.028717948717948718
0 0.4486592544146501 0.6564102564102564 0.026160889470241987 0.041025641025641026
0 0.4234793982995422 0.6492307692307693 0.01765860039241334 0.02666666666666667
0 0.40091563113145845 0.6415384615384615 0.02354480052321779 0.02564102564102564
0 0.3747547416612165 0.6384615384615384 0.02485284499672989 0.029743589743589743
0 0.3515369522563767 0.6451282051282051 0.025506867233485938 0.03076923076923077
0 0.3247220405493787 0.6466666666666666 0.02158273381294964 0.031794871794871796
0 0.30346631785480704 0.6456410256410257 0.026160889470241987 0.035897435897435895
0 0.2779594506213211 0.6369230769230769 0.02485284499672989 0.03282051282051282
0 0.25604970568999347 0.6405128205128205 0.02419882275997384 0.033846153846153845
0 0.25049051667756705 0.6866666666666666 0.026160889470241987 0.033846153846153845
0 0.27730542838456507 0.6933333333333334 0.02485284499672989 0.041025641025641026
0 0.29790712884238063 0.6892307692307692 0.01896664486592544 0.028717948717948718
0 0.32341399607586657 0.6917948717948718 0.028122956180510136 0.031794871794871796
0 0.34924787442773053 0.6984615384615385 0.020928711576193592 0.036923076923076927
0 0.3721386527141923 0.6948717948717948 0.02485284499672989 0.04
0 0.39895356442119034 0.6984615384615385 0.020928711576193592 0.036923076923076927
0 0.4241334205362982 0.7051282051282052 0.02419882275997384 0.04
0 0.45192936559843033 0.701025641025641 0.02485284499672989 0.035897435897435895
0 0.24395029431000653 0.74 0.02485284499672989 0.035897435897435895
0 0.2724002616088947 0.7476923076923077 0.02419882275997384 0.041025641025641026
0 0.29823413996075865 0.7482051282051282 0.026160889470241987 0.04205128205128205
0 0.3207979071288424 0.7456410256410256 0.02289077828646174 0.04512820512820513
0 0.34663178548070633 0.7492307692307693 0.02877697841726619 0.04
0 0.36919555264879006 0.7523076923076923 0.02289077828646174 0.035897435897435895
0 0.395029431000654 0.7569230769230769 0.026160889470241987 0.041025641025641026
0 0.42020928711576194 0.7569230769230769 0.026814911706998037 0.041025641025641026
0 0.4447351209941138 0.7610256410256411 0.02223675604970569 0.043076923076923075
0 0.22302158273381295 0.8851282051282051 0.040549378678875085 0.06769230769230769
0 0.25997383911052974 0.8866666666666667 0.03858731196860693 0.07282051282051281
0 0.3659254414650098 0.8943589743589744 0.03989535644211903 0.07179487179487179
0 0.16088947024198821 0.8769230769230769 0.03793328973185088 0.06153846153846154
0 0.09058207979071288 0.8789743589743589 0.041203400915631135 0.07179487179487179
0 0.053629823413996074 0.8748717948717949 0.04316546762589928 0.06153846153846154
0 0.41792020928711576 0.8702564102564102 0.051013734466971876 0.07076923076923076
0 0.5905820797907129 0.8743589743589744 0.03662524525833878 0.06256410256410257
0 0.5555918901242642 0.8687179487179487 0.03727926749509483 0.057435897435897436
0 0.6592544146500982 0.8738461538461538 0.034009156311314584 0.06564102564102564
0 0.7616088947024199 0.8646153846153846 0.03858731196860693 0.055384615384615386
0 0.76324395029431 0.9164102564102564 0.04316546762589928 0.05641025641025641
0 0.6988227599738391 0.9374358974358974 0.04774362328319163 0.06769230769230769
0 0.7328319162851537 0.9271794871794872 0.03858731196860693 0.06769230769230769
0 0.4829954218443427 0.7635897435897436 0.02289077828646174 0.03794871794871795
0 0.49378678875081755 0.3523076923076923 0.02354480052321779 0.035897435897435895
0 0.49280575539568344 0.38153846153846155 0.02158273381294964 0.024615384615384615
0 0.4934597776324395 0.4246153846153846 0.025506867233485938 0.038974358974358976
0 0.4918247220405494 0.4666666666666667 0.027468933943754086 0.043076923076923075
0 0.4888816219751472 0.5133333333333333 0.032047089601046436 0.04
0 0.48790058862001306 0.561025641025641 0.031393067364290386 0.04512820512820513
0 0.486592544146501 0.6123076923076923 0.031393067364290386 0.04717948717948718
0 0.48528449967298887 0.6635897435897435 0.02485284499672989 0.03076923076923077
0 0.4843034663178548 0.7128205128205128 0.025506867233485938 0.03487179487179487
0 0.5143884892086331 0.7635897435897436 0.029431000654022238 0.046153846153846156
0 0.5124264224983649 0.7117948717948718 0.020274689339437543 0.038974358974358976
0 0.5137344669718771 0.6615384615384615 0.029431000654022238 0.04923076923076923
0 0.5166775670372793 0.6102564102564103 0.030085022890778287 0.043076923076923075
0 0.5173315892740353 0.5625641025641026 0.026160889470241987 0.04
0 0.5176586003924133 0.5158974358974359 0.030739045127534337 0.05128205128205128
0 0.5176586003924133 0.46923076923076923 0.025506867233485938 0.04205128205128205
0 0.5209287115761936 0.42153846153846153 0.026814911706998037 0.04512820512820513
0 0.5215827338129496 0.38256410256410256 0.03597122302158273 0.036923076923076927
0 0.5235448005232178 0.34923076923076923 0.026814911706998037 0.033846153846153845
0 0.5421844342707652 0.764102564102564 0.030085022890778287 0.055384615384615386
0 0.5418574231523872 0.7123076923076923 0.028122956180510136 0.03794871794871795
0 0.5415304120340092 0.6584615384615384 0.02877697841726619 0.043076923076923075
0 0.5425114453891432 0.6107692307692307 0.026814911706998037 0.04205128205128205
0 0.5405493786788751 0.5620512820512821 0.025506867233485938 0.043076923076923075
0 0.5428384565075213 0.5158974358974359 0.026160889470241987 0.043076923076923075
0 0.5457815565729235 0.47025641025641024 0.029431000654022238 0.046153846153846156
0 0.5454545454545454 0.4256410256410256 0.027468933943754086 0.043076923076923075
0 0.5461085676913014 0.3769230769230769 0.031393067364290386 0.04
0 0.5451275343361675 0.34307692307692306 0.026814911706998037 0.031794871794871796
0 0.5693263570961413 0.7589743589743589 0.02289077828646174 0.03487179487179487
0 0.5719424460431655 0.7112820512820512 0.026814911706998037 0.033846153846153845
0 0.5729234793982996 0.6625641025641026 0.03531720078482668 0.04923076923076923
0 0.5716154349247874 0.6128205128205129 0.02877697841726619 0.04205128205128205
0 0.5725964682799215 0.5656410256410257 0.033355134074558535 0.046153846153846156
0 0.5709614126880314 0.5143589743589744 0.02877697841726619 0.04205128205128205
0 0.5703073904512753 0.4676923076923077 0.02223675604970569 0.04717948717948718
0 0.5729234793982996 0.4256410256410256 0.032701111837802485 0.036923076923076927
0 0.5706344015696534 0.3769230769230769 0.026814911706998037 0.033846153846153845
0 0.5722694571615435 0.34615384615384615 0.030085022890778287 0.03794871794871795
0 0.5994113799869195 0.7646153846153846 0.030739045127534337 0.046153846153846156
0 0.6013734466971877 0.7143589743589743 0.025506867233485938 0.033846153846153845
0 0.6003924133420536 0.6625641025641026 0.027468933943754086 0.04512820512820513
0 0.6000654022236757 0.6112820512820513 0.025506867233485938 0.043076923076923075
0 0.6007194244604317 0.5625641025641026 0.028122956180510136 0.0441025641025641
0 0.5994113799869195 0.5184615384615384 0.025506867233485938 0.03794871794871795
0 0.5964682799215173 0.4676923076923077 0.026160889470241987 0.04923076923076923
0 0.5977763243950295 0.42256410256410254 0.026160889470241987 0.041025641025641026
0 0.5997383911052976 0.37948717948717947 0.02877697841726619 0.03282051282051282
0 0.6000654022236757 0.34615384615384615 0.025506867233485938 0.033846153846153845
0 0.6209941137998692 0.3425641025641026 0.02289077828646174 0.03487179487179487
0 0.6229561805101373 0.3779487179487179 0.029431000654022238 0.04
0 0.6232831916285154 0.4241025641025641 0.02485284499672989 0.031794871794871796
0 0.6249182472204055 0.4707692307692308 0.026814911706998037 0.041025641025641026
0 0.6262262916939176 0.5174358974358975 0.032047089601046436 0.035897435897435895
0 0.6242642249836494 0.5625641025641026 0.026814911706998037 0.035897435897435895
0 0.6272073250490516 0.6123076923076923 0.027468933943754086 0.041025641025641026
0 0.6268803139306737 0.6564102564102564 0.029431000654022238 0.043076923076923075
0 0.631131458469588 0.7097435897435898 0.02877697841726619 0.041025641025641026
0 0.6357096141268803 0.7651282051282051 0.03662524525833878 0.04717948717948718
0 0.7063440156965337 0.7671794871794871 0.03662524525833878 0.043076923076923075
0 0.6559843034663179 0.662051282051282 0.02877697841726619 0.050256410256410255
0 0.6523871811641596 0.6092307692307692 0.025506867233485938 0.036923076923076927
0 0.6510791366906474 0.5615384615384615 0.025506867233485938 0.04205128205128205
0 0.6507521255722695 0.5107692307692308 0.027468933943754086 0.038974358974358976
0 0.6487900588620014 0.4666666666666667 0.02485284499672989 0.041025641025641026
0 0.6471550032701112 0.4235897435897436 0.028122956180510136 0.038974358974358976
0 0.6478090255068673 0.3748717948717949 0.02419882275997384 0.0441025641025641
0 0.6455199476782211 0.3384615384615385 0.027468933943754086 0.03282051282051282
0 0.6723348593852191 0.3384615384615385 0.027468933943754086 0.038974358974358976
0 0.6706998037933289 0.37948717948717947 0.029431000654022238 0.036923076923076927
0 0.6756049705689994 0.42256410256410254 0.032701111837802485 0.04512820512820513
0 0.6762589928057554 0.46512820512820513 0.030085022890778287 0.04
0 0.6765860039241334 0.5143589743589744 0.029431000654022238 0.04205128205128205
0 0.6765860039241334 0.563076923076923 0.029431000654022238 0.04512820512820513
0 0.6785480706344016 0.661025641025641 0.030739045127534337 0.0441025641025641
0 0.6827992151733159 0.7133333333333334 0.02877697841726619 0.0441025641025641
0 0.7096141268803139 0.7128205128205128 0.02485284499672989 0.04512820512820513
0 0.7050359712230215 0.6641025641025641 0.027468933943754086 0.046153846153846156
0 0.7056899934597777 0.6128205128205129 0.030085022890778287 0.048205128205128206
0 0.7014388489208633 0.5625641025641026 0.026814911706998037 0.03794871794871795
0 0.7004578155657293 0.518974358974359 0.02485284499672989 0.036923076923076927
0 0.697841726618705 0.4676923076923077 0.02485284499672989 0.041025641025641026
0 0.6968606932635709 0.4194871794871795 0.02158273381294964 0.043076923076923075
0 0.696533682145193 0.37538461538461537 0.02877697841726619 0.041025641025641026
0 0.6952256376716809 0.34205128205128205 0.02223675604970569 0.035897435897435895
0 0.7174623937213865 0.3384615384615385 0.027468933943754086 0.036923076923076927
0 0.723348593852191 0.38358974358974357 0.026160889470241987 0.038974358974358976
0 0.724002616088947 0.4256410256410256 0.032701111837802485 0.04512820512820513
0 0.7243296272073251 0.46974358974358976 0.028122956180510136 0.04512820512820513
0 0.7298888162197514 0.561025641025641 0.032701111837802485 0.04717948717948718
0 0.7331589274035317 0.6102564102564103 0.032701111837802485 0.04512820512820513
0 0.7341399607586658 0.6625641025641026 0.029431000654022238 0.04717948717948718
0 0.7377370830608241 0.7066666666666667 0.02223675604970569 0.036923076923076927
0 0.7432962720732504 0.3394871794871795 0.026814911706998037 0.03487179487179487
0 0.7452583387835187 0.3830769230769231 0.02289077828646174 0.035897435897435895
0 0.7485284499672988 0.42615384615384616 0.02419882275997384 0.04205128205128205
0 0.749836494440811 0.46615384615384614 0.028122956180510136 0.04205128205128205
0 0.7531066056245912 0.517948717948718 0.02419882275997384 0.038974358974358976
0 0.7567037279267496 0.5635897435897436 0.030085022890778287 0.046153846153846156
0 0.7616088947024199 0.658974358974359 0.026814911706998037 0.0441025641025641
0 0.7325049051667757 0.6092307692307692 0.031393067364290386 0.04717948717948718
0 0.7691301504251145 0.3405128205128205 0.02223675604970569 0.036923076923076927
0 0.78973185088293 0.6594871794871795 0.028122956180510136 0.041025641025641026
0 0.7841726618705036 0.6102564102564103 0.031393067364290386 0.05128205128205128
0 0.7835186396337476 0.5625641025641026 0.030085022890778287 0.046153846153846156
0 0.7782864617396992 0.5143589743589744 0.026160889470241987 0.046153846153846156
0 0.7776324395029431 0.4712820512820513 0.027468933943754086 0.046153846153846156
0 0.7724002616088947 0.4235897435897436 0.026160889470241987 0.043076923076923075
0 0.7697841726618705 0.38 0.026160889470241987 0.03794871794871795
0 0.816873773708306 0.7117948717948718 0.02877697841726619 0.043076923076923075
0 0.8119686069326357 0.6558974358974359 0.025506867233485938 0.0441025641025641
0 0.8106605624591237 0.6102564102564103 0.025506867233485938 0.043076923076923075
0 0.8070634401569653 0.5615384615384615 0.026160889470241987 0.03794871794871795
0 0.8047743623283191 0.5143589743589744 0.026814911706998037 0.04
0 0.7992151733158928 0.4687179487179487 0.030085022890778287 0.04717948717948718
0 0.8001962066710269 0.4241025641025641 0.033355134074558535 0.046153846153846156
0 0.7962720732504905 0.37743589743589745 0.030739045127534337 0.038974358974358976
0 0.7907128842380641 0.33282051282051284 0.027468933943754086 0.035897435897435895
0 0.8185088293001962 0.33692307692307694 0.029431000654022238 0.035897435897435895
0 0.8214519293655984 0.37948717948717947 0.026160889470241987 0.041025641025641026
0 0.8234139960758666 0.4230769230769231 0.02485284499672989 0.04
0 0.8253760627861347 0.47025641025641024 0.027468933943754086 0.03794871794871795
0 0.8299542184434271 0.5148717948717949 0.02485284499672989 0.041025641025641026
0 0.8384565075212557 0.6117948717948718 0.032701111837802485 0.052307692307692305
0 0.8394375408763898 0.6625641025641026 0.030739045127534337 0.04923076923076923
0 0.8443427076520602 0.7123076923076923 0.027468933943754086 0.04205128205128205
0 0.86919555264879 0.7123076923076923 0.032701111837802485 0.05435897435897436
0 0.8580771746239372 0.5651282051282052 0.027468933943754086 0.04512820512820513
0 0.854153041203401 0.5148717948717949 0.027468933943754086 0.043076923076923075
0 0.8515369522563767 0.46923076923076923 0.02877697841726619 0.04205128205128205
0 0.8476128188358404 0.4246153846153846 0.026160889470241987 0.04717948717948718
0 0.8456507521255723 0.37948717948717947 0.030085022890778287 0.04512820512820513
0 0.842053629823414 0.33282051282051284 0.029431000654022238 0.04205128205128205
0 0.894375408763898 0.7087179487179487 0.026814911706998037 0.04923076923076923
0 0.8901242642249837 0.661025641025641 0.02877697841726619 0.048205128205128206
0 0.8862001308044474 0.6143589743589744 0.030085022890778287 0.041025641025641026
0 0.8839110529758012 0.5635897435897436 0.028122956180510136 0.04
0 0.880967952910399 0.5164102564102564 0.027468933943754086 0.050256410256410255
0 0.8754087638979725 0.46974358974358976 0.033355134074558535 0.04512820512820513
0 0.8721386527141923 0.4266666666666667 0.02419882275997384 0.04512820512820513
0 0.8695225637671681 0.3779487179487179 0.029431000654022238 0.048205128205128206
0 0.8659254414650098 0.3384615384615385 0.034009156311314584 0.041025641025641026
0 0.8914323086984958 0.3333333333333333 0.030085022890778287 0.038974358974358976
0 0.89568345323741 0.38256410256410256 0.029431000654022238 0.04512820512820513
0 0.8982995421844343 0.4230769230769231 0.03466317854807063 0.04
0 0.9012426422498365 0.4676923076923077 0.030085022890778287 0.04717948717948718
0 0.9097449313276651 0.563076923076923 0.031393067364290386 0.041025641025641026
0 0.9143230869849575 0.6153846153846154 0.032701111837802485 0.043076923076923075
0 0.9185742315238719 0.6646153846153846 0.033355134074558535 0.04717948717948718
0 0.9215173315892741 0.7148717948717949 0.031393067364290386 0.05128205128205128
0 0.6896664486592544 0.21487179487179486 0.03727926749509483 0.04205128205128205
0 0.9372138652714193 0.46205128205128204 0.034009156311314584 0.04
0 0.7119032047089601 0.2917948717948718 0.06344015696533682 0.05641025641025641
