0 0.013734466971877043 0.5328205128205128 0.026160889470241987 0.0441025641025641
0 0.038260300850228905 0.5682051282051283 0.02419882275997384 0.041025641025641026
0 0.03564421190320471 0.4907692307692308 0.028122956180510136 0.03794871794871795
0 0.038914323086984955 0.5287179487179487 0.028122956180510136 0.0441025641025641
0 0.03466317854807063 0.4230769230769231 0.030085022890778287 0.035897435897435895
0 0.0591890124264225 0.45076923076923076 0.030739045127534337 0.033846153846153845
0 0.06474820143884892 0.5974358974358974 0.030085022890778287 0.04
0 0.06376716808371484 0.48923076923076925 0.029431000654022238 0.036923076923076927
0 0.0618051013734467 0.5292307692307693 0.029431000654022238 0.041025641025641026
0 0.06278613472858077 0.561025641025641 0.02877697841726619 0.036923076923076927
0 0.08044473512099411 0.4128205128205128 0.027468933943754086 0.033846153846153845
0 0.08862001308044473 0.6328205128205128 0.025506867233485938 0.036923076923076927
0 0.08600392413342053 0.5917948717948718 0.026814911706998037 0.043076923076923075
0 0.08600392413342053 0.4805128205128205 0.026814911706998037 0.0441025641025641
0 0.10627861347285808 0.4123076923076923 0.029431000654022238 0.041025641025641026
0 0.105297580117724 0.44974358974358974 0.030085022890778287 0.04
0 0.11281883584041857 0.6625641025641026 0.026814911706998037 0.041025641025641026
0 0.11412688031393067 0.6261538461538462 0.032047089601046436 0.0441025641025641
0 0.11118378024852844 0.5533333333333333 0.034009156311314584 0.046153846153846156
0 0.10824068018312623 0.48256410256410254 0.029431000654022238 0.04205128205128205
0 0.12851536952256376 0.41025641025641024 0.02419882275997384 0.03282051282051282
0 0.15173315892740352 0.4082051282051282 0.02877697841726619 0.03487179487179487
0 0.22040549378678875 0.39487179487179486 0.031393067364290386 0.03282051282051282
0 0.24395029431000653 0.3953846153846154 0.02485284499672989 0.031794871794871796
0 0.13767168083714845 0.7005128205128205 0.026814911706998037 0.04512820512820513
0 0.16415958142576847 0.6933333333333334 0.031393067364290386 0.041025641025641026
0 0.1631785480706344 0.6579487179487179 0.029431000654022238 0.033846153846153845
0 0.1592544146500981 0.5784615384615385 0.030739045127534337 0.04717948717948718
0 0.15500327011118378 0.5112820512820513 0.034009156311314584 0.050256410256410255
0 0.1935905820797907 0.76 0.02877697841726619 0.05128205128205128
0 0.23217789404839764 0.6466666666666666 0.031393067364290386 0.04205128205128205
0 0.23446697187704382 0.683076923076923 0.033355134074558535 0.04512820512820513
0 0.24100719424460432 0.7528205128205128 0.029431000654022238 0.043076923076923075
0 0.2432962720732505 0.8164102564102564 0.032701111837802485 0.038974358974358976
0 0.2449313276651406 0.8543589743589743 0.032047089601046436 0.03282051282051282
0 0.2622629169391759 0.7123076923076923 0.030085022890778287 0.0441025641025641
0 0.26389797253106606 0.7507692307692307 0.026814911706998037 0.038974358974358976
0 0.2701111837802485 0.7830769230769231 0.030085022890778287 0.033846153846153845
0 0.2694571615434925 0.8133333333333334 0.026160889470241987 0.03282051282051282
0 0.27141922825376064 0.8497435897435898 0.027468933943754086 0.03794871794871795
0 0.2812295618051014 0.9123076923076923 0.026160889470241987 0.04205128205128205
0 0.25801177240026163 0.6446153846153846 0.026814911706998037 0.04205128205128205
0 0.25343361674296927 0.5717948717948718 0.026814911706998037 0.03794871794871795
0 0.22694571615434925 0.5358974358974359 0.02485284499672989 0.035897435897435895
0 0.20601700457815567 0.5435897435897435 0.031393067364290386 0.03487179487179487
0 0.20568999345977762 0.5061538461538462 0.032047089601046436 0.04205128205128205
0 0.22661870503597123 0.5025641025641026 0.028122956180510136 0.04512820512820513
0 0.24656638325703073 0.4297435897435897 0.027468933943754086 0.043076923076923075
0 0.26913015042511446 0.4246153846153846 0.026814911706998037 0.038974358974358976
0 0.30052321778940483 0.4917948717948718 0.041203400915631135 0.046153846153846156
0 0.29529103989535643 0.5266666666666666 0.02419882275997384 0.031794871794871796
0 0.3188358404185742 0.5625641025641026 0.028122956180510136 0.04
0 0.32341399607586657 0.6348717948717949 0.028122956180510136 0.04512820512820513
0 0.3051013734466972 0.5974358974358974 0.032047089601046436 0.046153846153846156
0 0.2916939175931982 0.7476923076923077 0.027468933943754086 0.036923076923076927
0 0.2943100065402224 0.8456410256410256 0.01962066710268149 0.033846153846153845
0 0.29790712884238063 0.8774358974358974 0.026814911706998037 0.035897435897435895
0 0.34270765206017006 0.7692307692307693 0.032701111837802485 0.03282051282051282
0 0.2884238064094179 0.7138461538461538 0.027468933943754086 0.041025641025641026
0 0.28482668410725964 0.6774358974358974 0.028122956180510136 0.04205128205128205
0 0.2733812949640288 0.4969230769230769 0.02877697841726619 0.046153846153846156
0 0.20209287115761937 0.46974358974358976 0.02877697841726619 0.036923076923076927
0 0.34172661870503596 0.8364102564102565 0.028122956180510136 0.035897435897435895
0 0.3456507521255723 0.8682051282051282 0.02419882275997384 0.029743589743589743
0 0.3482668410725965 0.8994871794871795 0.030739045127534337 0.038974358974358976
0 0.3969914977109222 0.5543589743589744 0.026160889470241987 0.04
0 0.37410071942446044 0.5717948717948718 0.032701111837802485 0.04205128205128205
0 0.39928057553956836 0.5912820512820512 0.02289077828646174 0.029743589743589743
0 0.40353172007848265 0.6271794871794871 0.020928711576193592 0.033846153846153845
0 0.40974493132766515 0.6630769230769231 0.026814911706998037 0.03794871794871795
0 0.4117069980379333 0.7041025641025641 0.02158273381294964 0.03794871794871795
0 0.41922825376062783 0.7723076923076924 0.02485284499672989 0.03282051282051282
0 0.44244604316546765 0.7635897435897436 0.02419882275997384 0.03794871794871795
0 0.43917593198168736 0.7348717948717949 0.029431000654022238 0.033846153846153845
0 0.434597776324395 0.6979487179487179 0.025506867233485938 0.03794871794871795
0 0.43132766514061477 0.6635897435897435 0.02289077828646174 0.036923076923076927
0 0.4274035317200785 0.6261538461538462 0.026814911706998037 0.04
0 0.45029431000654024 0.6215384615384615 0.020274689339437543 0.03487179487179487
0 0.4244604316546763 0.5907692307692308 0.02877697841726619 0.041025641025641026
0 0.420863309352518 0.5533333333333333 0.02419882275997384 0.03794871794871795
0 0.44408109875735774 0.5517948717948717 0.02485284499672989 0.036923076923076927
0 0.447351209941138 0.5846153846153846 0.026160889470241987 0.038974358974358976
0 0.45454545454545453 0.6615384615384615 0.02354480052321779 0.041025641025641026
0 0.460431654676259 0.6958974358974359 0.02485284499672989 0.03794871794871795
0 0.4623937213865271 0.7338461538461538 0.02485284499672989 0.04
0 0.4682799215173316 0.7697435897435897 0.02485284499672989 0.03794871794871795
0 0.4918247220405494 0.7692307692307693 0.02354480052321779 0.041025641025641026
0 0.48757357750163505 0.7312820512820513 0.02289077828646174 0.038974358974358976
0 0.48463047743623283 0.6933333333333334 0.027468933943754086 0.036923076923076927
0 0.48005232177894047 0.6558974358974359 0.02485284499672989 0.035897435897435895
0 0.47678221059516024 0.6194871794871795 0.027468933943754086 0.036923076923076927
0 0.4682799215173316 0.5846153846153846 0.020928711576193592 0.036923076923076927
0 0.4646827992151733 0.5471794871794872 0.02419882275997384 0.031794871794871796
0 0.48855461085676916 0.5471794871794872 0.02354480052321779 0.04205128205128205
0 0.4918247220405494 0.581025641025641 0.02485284499672989 0.035897435897435895
0 0.49934597776324396 0.6169230769230769 0.02419882275997384 0.0441025641025641
0 0.5013080444735121 0.6558974358974359 0.02419882275997384 0.03794871794871795
0 0.5068672334859385 0.6938461538461539 0.02354480052321779 0.031794871794871796
0 0.5156965336821452 0.7758974358974359 0.03597122302158273 0.06051282051282051
0 0.512753433616743 0.5482051282051282 0.02354480052321779 0.031794871794871796
0 0.5156965336821452 0.5805128205128205 0.026814911706998037 0.036923076923076927
0 0.5238718116415958 0.6194871794871795 0.02485284499672989 0.03487179487179487
0 0.525833878351864 0.6502564102564102 0.026160889470241987 0.03282051282051282
0 0.5307390451275343 0.6902564102564103 0.025506867233485938 0.03282051282051282
0 0.5349901896664486 0.7256410256410256 0.02485284499672989 0.03794871794871795
0 0.5614780902550687 0.7215384615384616 0.02289077828646174 0.035897435897435895
0 0.5562459123610203 0.6851282051282052 0.02289077828646174 0.03487179487179487
0 0.5497056899934598 0.6476923076923077 0.02289077828646174 0.033846153846153845
0 0.5470896010464356 0.6112820512820513 0.026814911706998037 0.03282051282051282
0 0.5412034009156311 0.5753846153846154 0.028122956180510136 0.041025641025641026
0 0.5366252452583388 0.5425641025641026 0.02158273381294964 0.038974358974358976
0 0.5598430346631785 0.5384615384615384 0.02877697841726619 0.041025641025641026
0 0.564748201438849 0.5707692307692308 0.025506867233485938 0.03794871794871795
0 0.5689993459777632 0.6102564102564103 0.02223675604970569 0.03282051282051282
0 0.5748855461085677 0.6425641025641026 0.02354480052321779 0.031794871794871796
0 0.57946370176586 0.68 0.02485284499672989 0.038974358974358976
0 0.5840418574231524 0.721025641025641 0.026160889470241987 0.03487179487179487
0 0.5892740353172008 0.7564102564102564 0.02485284499672989 0.03794871794871795
0 0.5827338129496403 0.5343589743589744 0.02354480052321779 0.041025641025641026
0 0.5902550686723349 0.5738461538461539 0.025506867233485938 0.031794871794871796
0 0.5974493132766514 0.6061538461538462 0.02419882275997384 0.03487179487179487
0 0.5997383911052976 0.6430769230769231 0.02354480052321779 0.03282051282051282
0 0.6030085022890779 0.6794871794871795 0.02223675604970569 0.033846153846153845
0 0.6079136690647482 0.7138461538461538 0.02419882275997384 0.03076923076923077
0 0.605624591236102 0.5323076923076923 0.020928711576193592 0.036923076923076927
0 0.6137998691955526 0.5687179487179487 0.02419882275997384 0.033846153846153845
0 0.6160889470241988 0.6046153846153847 0.020928711576193592 0.03794871794871795
0 0.6242642249836494 0.6430769230769231 0.02289077828646174 0.03282051282051282
0 0.6285153695225638 0.68 0.02485284499672989 0.03487179487179487
0 0.631785480706344 0.7164102564102565 0.02354480052321779 0.029743589743589743
0 0.6278613472858077 0.5297435897435897 0.02354480052321779 0.031794871794871796
0 0.6340745585349902 0.5661538461538461 0.02289077828646174 0.03282051282051282
0 0.6393067364290386 0.6035897435897436 0.02158273381294964 0.03794871794871795
0 0.6461739699149771 0.6374358974358975 0.01962066710268149 0.04
0 0.6517331589274036 0.6758974358974359 0.028122956180510136 0.036923076923076927
0 0.6553302812295618 0.7128205128205128 0.02354480052321779 0.04512820512820513
0 0.6867233485938522 0.7482051282051282 0.02354480052321779 0.031794871794871796
0 0.6821451929365598 0.7076923076923077 0.02223675604970569 0.03282051282051282
0 0.6749509483322433 0.6712820512820513 0.02223675604970569 0.04
0 0.6706998037933289 0.6333333333333333 0.02419882275997384 0.03794871794871795
0 0.6615434924787443 0.6 0.02289077828646174 0.038974358974358976
0 0.6595814257684761 0.5615384615384615 0.028122956180510136 0.04
0 0.6523871811641596 0.5235897435897436 0.02289077828646174 0.03794871794871795
0 0.684434270765206 0.5584615384615385 0.02419882275997384 0.035897435897435895
0 0.6896664486592544 0.5953846153846154 0.026814911706998037 0.04
0 0.696533682145193 0.6353846153846154 0.02877697841726619 0.031794871794871796
0 0.697841726618705 0.6682051282051282 0.02354480052321779 0.035897435897435895
0 0.7027468933943755 0.7046153846153846 0.029431000654022238 0.028717948717948718
0 0.7086330935251799 0.7466666666666667 0.02419882275997384 0.043076923076923075
0 0.7318508829300197 0.7425641025641025 0.02354480052321779 0.03487179487179487
0 0.7292347939829954 0.703076923076923 0.02223675604970569 0.033846153846153845
0 0.723675604970569 0.6641025641025641 0.02158273381294964 0.03794871794871795
0 0.7168083714846305 0.6323076923076923 0.02354480052321779 0.033846153846153845
0 0.7115761935905821 0.5958974358974359 0.027468933943754086 0.03282051282051282
0 0.7069980379332897 0.558974358974359 0.02485284499672989 0.038974358974358976
0 0.6991497710922171 0.5205128205128206 0.02485284499672989 0.033846153846153845
0 0.7217135382603008 0.5148717948717949 0.025506867233485938 0.03076923076923077
0 0.7478744277305428 0.517948717948718 0.02289077828646174 0.036923076923076927
0 0.7347939829954219 0.5938461538461538 0.02419882275997384 0.03076923076923077
0 0.7396991497710922 0.6261538461538462 0.02354480052321779 0.033846153846153845
0 0.749182472204055 0.6692307692307692 0.02419882275997384 0.029743589743589743
0 0.7527795945062132 0.7035897435897436 0.01962066710268149 0.028717948717948718
0 0.7560497056899934 0.7394871794871795 0.02354480052321779 0.03487179487179487
0 0.7815565729234794 0.74 0.020928711576193592 0.033846153846153845
0 0.7750163505559189 0.698974358974359 0.02354480052321779 0.04205128205128205
0 0.7688031393067364 0.6651282051282051 0.02419882275997384 0.031794871794871796
0 0.7622629169391759 0.6271794871794871 0.02419882275997384 0.035897435897435895
0 0.7864617396991498 0.6230769230769231 0.02419882275997384 0.027692307692307693
0 0.7936559843034663 0.6625641025641026 0.026814911706998037 0.03487179487179487
0 0.7988881621975147 0.7015384615384616 0.02289077828646174 0.03282051282051282
0 0.8054283845650753 0.7369230769230769 0.026814911706998037 0.04205128205128205
0 0.8528449967298888 0.7256410256410256 0.020928711576193592 0.035897435897435895
0 0.828973185088293 0.7333333333333333 0.020274689339437543 0.038974358974358976
0 0.775343361674297 0.5512820512820513 0.028122956180510136 0.035897435897435895
0 0.39797253106605623 0.8112820512820513 0.01765860039241334 0.01641025641025641
0 0.4025506867233486 0.8364102564102565 0.01896664486592544 0.027692307692307693
0 0.7684761281883584 0.8728205128205129 0.02223675604970569 0.028717948717948718
0 0.7717462393721386 0.9030769230769231 0.01962066710268149 0.02358974358974359
0 0.4908436886854153 0.8907692307692308 0.01896664486592544 0.027692307692307693
0 0.5896010464355788 0.818974358974359 0.01765860039241334 0.019487179487179488
0 0.6690647482014388 0.9220512820512821 0.02485284499672989 0.022564102564102566
0 0.6870503597122302 0.8476923076923077 0.016350555918901243 0.027692307692307693
0 0.6739699149771092 0.8712820512820513 0.01896664486592544 0.02564102564102564
0 0.7047089601046436 0.9487179487179487 0.01896664486592544 0.024615384615384615
0 0.565402223675605 0.8692307692307693 0.02419882275997384 0.027692307692307693
0 0.8338783518639634 0.8830769230769231 0.020928711576193592 0.03282051282051282
0 0.4169391759319817 0.9082051282051282 0.02158273381294964 0.033846153846153845
0 0.4241334205362982 0.963076923076923 0.02289077828646174 0.036923076923076927
0 0.4385219097449313 0.8594871794871795 0.01765860039241334 0.028717948717948718
0 0.45454545454545453 0.9384615384615385 0.01831262262916939 0.02666666666666667
0 0.5035971223021583 0.8666666666666667 0.02485284499672989 0.028717948717948718
0 0.7930019620667103 0.2882051282051282 0.01765860039241334 0.024615384615384615
0 0.749182472204055 0.2876923076923077 0.016350555918901243 0.02564102564102564
0 0.7655330281229562 0.28717948717948716 0.01765860039241334 0.024615384615384615
0 0.7799215173315893 0.28615384615384615 0.015042511445389144 0.028717948717948718
0 0.499672988881622 0.9394871794871795 0.01831262262916939 0.024615384615384615
0 0.3247220405493787 0.8774358974358974 0.020274689339437543 0.029743589743589743
0 0.3185088293001962 0.7758974358974359 0.031393067364290386 0.03794871794871795
0 0.342053629823414 0.7051282051282052 0.041857423152387184 0.04
0 0.815892740353172 0.21794871794871795 0.015042511445389144 0.02358974358974359
0 0.8139306736429038 0.19794871794871796 0.012426422498364944 0.022564102564102566
0 0.7521255722694572 0.10205128205128206 0.015696533682145193 0.021538461538461538
0 0.7563767168083715 0.18 0.01765860039241334 0.021538461538461538
0 0.7681491170699803 0.13743589743589743 0.016350555918901243 0.022564102564102566
0 0.7014388489208633 0.17743589743589744 0.016350555918901243 0.024615384615384615
0 0.7344669718770438 0.24461538461538462 0.01962066710268149 0.031794871794871796
0 0.6700457815565729 0.14102564102564102 0.015042511445389144 0.02358974358974359
0 0.7223675604970569 0.09846153846153846 0.013734466971877043 0.020512820512820513
0 0.7933289731850883 0.12153846153846154 0.015696533682145193 0.02358974358974359
0 0.7972531066056245 0.18102564102564103 0.015696533682145193 0.021538461538461538
0 0.7877697841726619 0.2194871794871795 0.012426422498364944 0.024615384615384615
0 0.7638979725310661 0.24102564102564103 0.020928711576193592 0.02666666666666667
0 0.7308698495748855 0.19897435897435897 0.016350555918901243 0.02666666666666667
0 0.7184434270765206 0.2194871794871795 0.01765860039241334 0.028717948717948718
0 0.7200784826684107 0.2630769230769231 0.017004578155657292 0.02358974358974359
0 0.6370176586003924 0.8482051282051282 0.01831262262916939 0.02666666666666667
0 0.8018312622629169 0.4041025641025641 0.01962066710268149 0.024615384615384615
0 0.7730542838456508 0.4230769230769231 0.014388489208633094 0.027692307692307693
0 0.7727272727272727 0.40512820512820513 0.01896664486592544 0.022564102564102566
0 0.789404839764552 0.44666666666666666 0.01962066710268149 0.027692307692307693
0 0.7969260954872466 0.4928205128205128 0.01765860039241334 0.02358974358974359
0 0.8240680183126227 0.5138461538461538 0.02223675604970569 0.03282051282051282
0 0.8358404185742315 0.46564102564102566 0.017004578155657292 0.03076923076923077
0 0.8273381294964028 0.38 0.01831262262916939 0.027692307692307693
0 0.855134074558535 0.38051282051282054 0.01765860039241334 0.024615384615384615
0 0.7995421844342707 0.37948717948717947 0.015042511445389144 0.024615384615384615
0 0.8528449967298888 0.34 0.017004578155657292 0.02564102564102564
0 0.8489208633093526 0.28102564102564104 0.01831262262916939 0.024615384615384615
0 0.8829300196206671 0.19384615384615383 0.01831262262916939 0.024615384615384615
0 0.8525179856115108 0.15743589743589745 0.016350555918901243 0.02564102564102564
0 0.8436886854153042 0.2194871794871795 0.020928711576193592 0.028717948717948718
0 0.8397645519947678 0.17846153846153845 0.017004578155657292 0.022564102564102566
0 0.8904512753433617 0.2774358974358974 0.016350555918901243 0.02358974358974359
0 0.8221059516023544 0.13641025641025642 0.013080444735120994 0.024615384615384615
0 0.6984957488554611 0.14564102564102563 0.01831262262916939 0.024615384615384615
0 0.8927403531720078 0.15384615384615385 0.015696533682145193 0.024615384615384615
0 0.7063440156965337 0.06102564102564102 0.010464355788096796 0.02564102564102564
0 0.6890124264224984 0.20564102564102565 0.01765860039241334 0.021538461538461538
0 0.6399607586657946 0.9441025641025641 0.01765860039241334 0.027692307692307693
