0 0.6144538914323087 0.5548717948717948 0.01765860039241334 0.022564102564102566
0 0.6160889470241988 0.5876923076923077 0.01831262262916939 0.024615384615384615
0 0.6347285807717462 0.6164102564102564 0.016350555918901243 0.02666666666666667
0 0.6128188358404185 0.6205128205128205 0.015696533682145193 0.024615384615384615
0 0.6344015696533682 0.6502564102564102 0.01962066710268149 0.022564102564102566
0 0.6144538914323087 0.6528205128205128 0.01896664486592544 0.02564102564102564
0 0.6147809025506867 0.6876923076923077 0.01831262262916939 0.027692307692307693
0 0.6353826030085022 0.6861538461538461 0.02158273381294964 0.024615384615384615
0 0.6363636363636364 0.72 0.02354480052321779 0.024615384615384615
0 0.5886200130804448 0.6820512820512821 0.01962066710268149 0.028717948717948718
0 0.5892740353172008 0.6487179487179487 0.020928711576193592 0.027692307692307693
0 0.591563113145847 0.615897435897436 0.02289077828646174 0.031794871794871796
0 0.591563113145847 0.5835897435897436 0.02158273381294964 0.02666666666666667
0 0.5689993459777632 0.5825641025641025 0.015696533682145193 0.024615384615384615
0 0.5461085676913014 0.5841025641025641 0.02223675604970569 0.027692307692307693
0 0.5441465009810333 0.615897435897436 0.01831262262916939 0.02564102564102564
0 0.5431654676258992 0.6835897435897436 0.02289077828646174 0.029743589743589743
0 0.5212557226945717 0.6502564102564102 0.02223675604970569 0.03076923076923077
0 0.500654022236756 0.6174358974358974 0.016350555918901243 0.03076923076923077
0 0.5013080444735121 0.5846153846153846 0.01896664486592544 0.022564102564102566
0 0.4986919555264879 0.6497435897435897 0.01896664486592544 0.02564102564102564
0 0.4970568999345978 0.6871794871794872 0.01831262262916939 0.024615384615384615
0 0.4130150425114454 0.5846153846153846 0.013734466971877043 0.022564102564102566
0 0.43590582079790713 0.5856410256410256 0.016350555918901243 0.022564102564102566
0 0.45748855461085675 0.5820512820512821 0.013734466971877043 0.033846153846153845
0 0.41137998691955524 0.615897435897436 0.02223675604970569 0.029743589743589743
0 0.4064748201438849 0.6820512820512821 0.02289077828646174 0.03076923076923077
0 0.3999345977763244 0.7174358974358974 0.02158273381294964 0.029743589743589743
0 0.3881621975147155 0.6184615384615385 0.01765860039241334 0.02666666666666667
0 0.38750817527795944 0.6487179487179487 0.01896664486592544 0.027692307692307693
0 0.37998691955526487 0.6825641025641026 0.020928711576193592 0.027692307692307693
0 0.36003924133420534 0.6794871794871795 0.01896664486592544 0.033846153846153845
0 0.36265533028122954 0.6492307692307693 0.016350555918901243 0.02666666666666667
0 0.3783518639633748 0.7220512820512821 0.020274689339437543 0.028717948717948718
0 0.4300196206671027 0.683076923076923 0.02158273381294964 0.041025641025641026
0 0.42315238718116416 0.7184615384615385 0.020928711576193592 0.033846153846153845
0 0.44669718770438194 0.7158974358974359 0.017004578155657292 0.02666666666666667
0 0.4748201438848921 0.6507692307692308 0.01831262262916939 0.027692307692307693
0 0.45225637671680835 0.6492307692307693 0.01896664486592544 0.024615384615384615
0 0.4561805101373447 0.617948717948718 0.020274689339437543 0.027692307692307693
0 0.4708960104643558 0.7174358974358974 0.01831262262916939 0.027692307692307693
0 0.4650098103335513 0.7538461538461538 0.013080444735120994 0.024615384615384615
0 0.49051667756703726 0.7923076923076923 0.02223675604970569 0.02564102564102564
0 0.5173315892740353 0.7523076923076923 0.020928711576193592 0.029743589743589743
0 0.5179856115107914 0.718974358974359 0.017004578155657292 0.02666666666666667
0 0.47972531066056245 0.5871794871794872 0.016350555918901243 0.021538461538461538
0 0.4947678221059516 0.7205128205128205 0.01896664486592544 0.02564102564102564
0 0.5873119686069327 0.5466666666666666 0.03531720078482668 0.04717948717948718
0 0.7972531066056245 0.6656410256410257 0.05624591236102027 0.0758974358974359
0 0.6667756703727927 0.7456410256410256 0.041203400915631135 0.06358974358974359
0 0.6759319816873773 0.9071794871794872 0.030739045127534337 0.048205128205128206
0 0.7200784826684107 0.8758974358974358 0.027468933943754086 0.041025641025641026
0 0.9431000654022237 0.8789743589743589 0.04578155657292348 0.06153846153846154
0 0.302812295618051 0.024615384615384615 0.026160889470241987 0.03487179487179487
0 0.775343361674297 0.5856410256410256 0.06998037933289732 0.09641025641025641
0 0.7213865271419229 0.7492307692307693 0.02877697841726619 0.050256410256410255
0 0.8067364290385873 0.7661538461538462 0.026814911706998037 0.041025641025641026
0 0.8149117069980379 0.8276923076923077 0.053629823413996074 0.09025641025641026
0 0.8897972531066056 0.46102564102564103 0.04643557880967953 0.06461538461538462
0 0.881948986265533 0.5676923076923077 0.052975801177240024 0.07487179487179488
0 0.9326357096141269 0.7712820512820513 0.03793328973185088 0.04717948717948718
0 0.9136690647482014 0.6635897435897435 0.026160889470241987 0.038974358974358976
