0 0.2871157619359058 0.2117948717948718 0.017004578155657292 0.02358974358974359
0 0.30412034009156313 0.19487179487179487 0.02354480052321779 0.024615384615384615
0 0.3181818181818182 0.17435897435897435 0.013734466971877043 0.014358974358974359
0 0.2658600392413342 0.20974358974358975 0.01896664486592544 0.027692307692307693
0 0.24689339437540878 0.2123076923076923 0.02158273381294964 0.02666666666666667
0 0.29300196206671025 0.1753846153846154 0.01831262262916939 0.020512820512820513
0 0.3054283845650752 0.16 0.02354480052321779 0.028717948717948718
0 0.30935251798561153 0.12871794871794873 0.020928711576193592 0.027692307692307693
0 0.28253760627861346 0.13692307692307693 0.02354480052321779 0.027692307692307693
0 0.2668410725964683 0.17846153846153845 0.01831262262916939 0.022564102564102566
0 0.3646173969914977 0.8984615384615384 0.025506867233485938 0.05128205128205128
0 0.39601046435578807 0.9 0.032047089601046436 0.0441025641025641
0 0.4277305428384565 0.8948717948717949 0.030085022890778287 0.052307692307692305
0 0.45716154349247873 0.8948717948717949 0.030085022890778287 0.05641025641025641
0 0.4836494440810988 0.8943589743589744 0.025506867233485938 0.05128205128205128
0 0.5035971223021583 0.9117948717948718 0.02485284499672989 0.05333333333333334
0 0.5294310006540223 0.9035897435897436 0.026814911706998037 0.05333333333333334
0 0.3701765860039241 0.8487179487179487 0.027468933943754086 0.048205128205128206
0 0.3996075866579464 0.8482051282051282 0.027468933943754086 0.04512820512820513
0 0.43132766514061477 0.8528205128205129 0.029431000654022238 0.03794871794871795
0 0.486919555264879 0.8476923076923077 0.025506867233485938 0.04
0 0.4038587311968607 0.8035897435897436 0.026814911706998037 0.04205128205128205
0 0.23381294964028776 0.7394871794871795 0.04512753433616743 0.055384615384615386
0 0.43132766514061477 0.8041025641025641 0.026814911706998037 0.041025641025641026
0 0.45716154349247873 0.803076923076923 0.02354480052321779 0.038974358974358976
0 0.4058207979071288 0.7615384615384615 0.030739045127534337 0.04205128205128205
0 0.5474166121648136 0.7538461538461538 0.032701111837802485 0.05128205128205128
0 0.5448005232177894 0.8015384615384615 0.027468933943754086 0.03794871794871795
0 0.5441465009810333 0.8441025641025641 0.030085022890778287 0.04717948717948718
0 0.5709614126880314 0.7994871794871795 0.02485284499672989 0.04
0 0.5729234793982996 0.8466666666666667 0.030085022890778287 0.052307692307692305
0 0.4882275997383911 0.8056410256410257 0.032047089601046436 0.04
0 0.4594506213211249 0.757948717948718 0.028122956180510136 0.041025641025641026
0 0.4329627207325049 0.7651282051282051 0.02354480052321779 0.043076923076923075
0 0.49018966644865924 0.757948717948718 0.02419882275997384 0.03282051282051282
0 0.5166775670372793 0.7569230769230769 0.026160889470241987 0.043076923076923075
0 0.35480706344015694 0.7174358974358974 0.033355134074558535 0.052307692307692305
0 0.3832570307390451 0.7205128205128205 0.031393067364290386 0.046153846153846156
0 0.41007194244604317 0.718974358974359 0.02485284499672989 0.036923076923076927
0 0.4375408763897973 0.717948717948718 0.034009156311314584 0.036923076923076927
0 0.46370176586003925 0.7174358974358974 0.031393067364290386 0.04
0 0.49149771092217137 0.7143589743589743 0.030739045127534337 0.03794871794871795
0 0.5186396337475474 0.717948717948718 0.032701111837802485 0.036923076923076927
0 0.5490516677567038 0.7158974358974359 0.032047089601046436 0.036923076923076927
0 0.5716154349247874 0.7117948717948718 0.027468933943754086 0.036923076923076927
0 0.5964682799215173 0.718974358974359 0.02485284499672989 0.03487179487179487
0 0.5745585349901897 0.6784615384615384 0.032047089601046436 0.04205128205128205
0 0.5467625899280576 0.6779487179487179 0.02877697841726619 0.038974358974358976
0 0.5209287115761936 0.6779487179487179 0.02419882275997384 0.03487179487179487
0 0.49117069980379335 0.6738461538461539 0.027468933943754086 0.03487179487179487
0 0.4623937213865271 0.6784615384615384 0.02485284499672989 0.03794871794871795
0 0.4385219097449313 0.6779487179487179 0.020274689339437543 0.03282051282051282
0 0.4117069980379333 0.6758974358974359 0.030739045127534337 0.036923076923076927
0 0.3855461085676913 0.678974358974359 0.025506867233485938 0.043076923076923075
0 0.3597122302158273 0.6758974358974359 0.031393067364290386 0.043076923076923075
0 0.5735775016350556 0.6384615384615384 0.02877697841726619 0.046153846153846156
0 0.5454545454545454 0.64 0.02485284499672989 0.03487179487179487
0 0.5232177894048398 0.6369230769230769 0.026160889470241987 0.03076923076923077
0 0.4934597776324395 0.6394871794871795 0.02419882275997384 0.031794871794871796
0 0.4679529103989536 0.6405128205128205 0.02419882275997384 0.033846153846153845
0 0.43884892086330934 0.6369230769230769 0.02223675604970569 0.03487179487179487
0 0.4130150425114454 0.638974358974359 0.026814911706998037 0.03076923076923077
0 0.38750817527795944 0.6364102564102564 0.020274689339437543 0.04205128205128205
0 0.5768476128188358 0.601025641025641 0.030085022890778287 0.038974358974358976
0 0.5464355788096795 0.6025641025641025 0.025506867233485938 0.03794871794871795
0 0.5222367560497057 0.5974358974358974 0.02289077828646174 0.03794871794871795
0 0.49640287769784175 0.5994871794871794 0.02485284499672989 0.027692307692307693
0 0.46926095487246566 0.5984615384615385 0.02289077828646174 0.035897435897435895
0 0.4434270765206017 0.6035897435897436 0.02485284499672989 0.03794871794871795
0 0.4195552648790059 0.602051282051282 0.025506867233485938 0.043076923076923075
0 0.394702419882276 0.6 0.028122956180510136 0.041025641025641026
0 0.36330935251798563 0.6041025641025641 0.03858731196860693 0.043076923076923075
0 0.39601046435578807 0.563076923076923 0.030739045127534337 0.036923076923076927
0 0.42053629823413996 0.5656410256410257 0.02223675604970569 0.0441025641025641
0 0.4447351209941138 0.5605128205128205 0.026160889470241987 0.029743589743589743
0 0.46926095487246566 0.5605128205128205 0.02289077828646174 0.027692307692307693
0 0.4977109221713538 0.5620512820512821 0.02485284499672989 0.03282051282051282
0 0.5235448005232178 0.5594871794871795 0.02289077828646174 0.035897435897435895
0 0.5487246566383257 0.563076923076923 0.02877697841726619 0.038974358974358976
0 0.5761935905820798 0.5615384615384615 0.027468933943754086 0.04
0 0.6059516023544801 0.6292307692307693 0.026814911706998037 0.04205128205128205
0 0.6111837802485285 0.5917948717948718 0.029431000654022238 0.043076923076923075
0 0.6203400915631131 0.5641025641025641 0.032047089601046436 0.041025641025641026
0 0.6239372138652715 0.5297435897435897 0.032701111837802485 0.03794871794871795
0 0.5958142576847613 0.5271794871794871 0.02223675604970569 0.036923076923076927
0 0.5752125572269458 0.5251282051282051 0.025506867233485938 0.03076923076923077
0 0.552321778940484 0.5246153846153846 0.02419882275997384 0.03794871794871795
0 0.5277959450621321 0.5287179487179487 0.026160889470241987 0.035897435897435895
0 0.5003270111183781 0.5205128205128206 0.02354480052321779 0.04
0 0.4748201438848921 0.5276923076923077 0.026160889470241987 0.03794871794871795
0 0.44931327665140613 0.5246153846153846 0.026160889470241987 0.03794871794871795
0 0.4241334205362982 0.5230769230769231 0.029431000654022238 0.038974358974358976
0 0.40058862001308043 0.5246153846153846 0.032047089601046436 0.0441025641025641
0 0.3760627861347286 0.5271794871794871 0.027468933943754086 0.038974358974358976
0 0.3534990189666449 0.5266666666666666 0.025506867233485938 0.04205128205128205
0 0.35611510791366907 0.49538461538461537 0.026814911706998037 0.038974358974358976
0 0.3776978417266187 0.49128205128205127 0.026814911706998037 0.03282051282051282
0 0.3999345977763244 0.4897435897435897 0.02158273381294964 0.033846153846153845
0 0.42544146500981034 0.4917948717948718 0.026814911706998037 0.027692307692307693
0 0.44996729888816217 0.49230769230769234 0.02354480052321779 0.03076923076923077
0 0.4764551994767822 0.49025641025641026 0.025506867233485938 0.03282051282051282
0 0.5022890778286462 0.49333333333333335 0.027468933943754086 0.03076923076923077
0 0.527468933943754 0.49435897435897436 0.029431000654022238 0.03282051282051282
0 0.5542838456507522 0.49128205128205127 0.02419882275997384 0.03282051282051282
0 0.5732504905166775 0.4948717948717949 0.02419882275997384 0.027692307692307693
0 0.5974493132766514 0.49743589743589745 0.025506867233485938 0.038974358974358976
0 0.6265533028122956 0.49743589743589745 0.02877697841726619 0.043076923076923075
0 0.6288423806409418 0.4625641025641026 0.030739045127534337 0.041025641025641026
0 0.5987573577501635 0.4625641025641026 0.030739045127534337 0.03487179487179487
0 0.5755395683453237 0.4574358974358974 0.01962066710268149 0.024615384615384615
0 0.552648790058862 0.45692307692307693 0.020928711576193592 0.033846153846153845
0 0.5277959450621321 0.4594871794871795 0.026160889470241987 0.03076923076923077
0 0.5026160889470243 0.45794871794871794 0.02419882275997384 0.033846153846153845
0 0.47972531066056245 0.4564102564102564 0.02158273381294964 0.03076923076923077
0 0.45487246566383255 0.46 0.026814911706998037 0.03794871794871795
0 0.43132766514061477 0.45384615384615384 0.028122956180510136 0.033846153846153845
0 0.4051667756703728 0.45487179487179485 0.032047089601046436 0.031794871794871796
0 0.3855461085676913 0.4256410256410256 0.025506867233485938 0.03076923076923077
0 0.40876389797253104 0.4230769230769231 0.026160889470241987 0.035897435897435895
0 0.4323086984957489 0.42102564102564105 0.02485284499672989 0.031794871794871796
0 0.45716154349247873 0.4241025641025641 0.027468933943754086 0.033846153846153845
0 0.48005232177894047 0.42102564102564105 0.02485284499672989 0.027692307692307693
0 0.5287769784172662 0.42205128205128206 0.025506867233485938 0.031794871794871796
0 0.55134074558535 0.4235897435897436 0.020928711576193592 0.036923076923076927
0 0.5768476128188358 0.4241025641025641 0.02223675604970569 0.035897435897435895
0 0.6288423806409418 0.42717948717948717 0.03597122302158273 0.031794871794871796
0 0.6193590582079791 0.3933333333333333 0.026160889470241987 0.03794871794871795
0 0.5974493132766514 0.39179487179487177 0.025506867233485938 0.03076923076923077
0 0.5294310006540223 0.3902564102564103 0.01765860039241334 0.02564102564102564
0 0.5052321778940484 0.3912820512820513 0.020274689339437543 0.031794871794871796
0 0.4829954218443427 0.3902564102564103 0.02419882275997384 0.031794871794871796
0 0.45716154349247873 0.39076923076923076 0.02223675604970569 0.03282051282051282
0 0.434597776324395 0.38871794871794874 0.029431000654022238 0.03076923076923077
0 0.4107259646827992 0.38871794871794874 0.026160889470241987 0.03282051282051282
0 0.38750817527795944 0.3923076923076923 0.02419882275997384 0.033846153846153845
0 0.4136690647482014 0.36 0.025506867233485938 0.03487179487179487
0 0.43590582079790713 0.35846153846153844 0.020274689339437543 0.027692307692307693
0 0.46010464355788094 0.3605128205128205 0.02419882275997384 0.027692307692307693
0 0.4843034663178548 0.3569230769230769 0.02289077828646174 0.028717948717948718
0 0.5114453891432309 0.35794871794871796 0.02485284499672989 0.03282051282051282
0 0.5317200784826684 0.3569230769230769 0.020928711576193592 0.028717948717948718
0 0.5575539568345323 0.36256410256410254 0.026814911706998037 0.033846153846153845
0 0.57946370176586 0.36564102564102563 0.01962066710268149 0.029743589743589743
0 0.6010464355788097 0.36205128205128206 0.026160889470241987 0.038974358974358976
0 0.6023544800523217 0.3343589743589744 0.02877697841726619 0.03282051282051282
0 0.5778286461739699 0.32974358974358975 0.020274689339437543 0.02564102564102564
0 0.5582079790712884 0.32666666666666666 0.025506867233485938 0.029743589743589743
0 0.5330281229561805 0.3323076923076923 0.027468933943754086 0.02666666666666667
0 0.5101373446697187 0.3292307692307692 0.02485284499672989 0.028717948717948718
0 0.48593852190974496 0.32666666666666666 0.02485284499672989 0.027692307692307693
0 0.4623937213865271 0.32666666666666666 0.01962066710268149 0.033846153846153845
0 0.44146500981033354 0.3282051282051282 0.026160889470241987 0.028717948717948718
0 0.41530412034009156 0.3271794871794872 0.02354480052321779 0.02666666666666667
0 0.4172661870503597 0.2994871794871795 0.026160889470241987 0.02666666666666667
0 0.44179202092871156 0.3005128205128205 0.02158273381294964 0.028717948717948718
0 0.46272073250490514 0.2969230769230769 0.020274689339437543 0.02564102564102564
0 0.486919555264879 0.29794871794871797 0.01896664486592544 0.031794871794871796
0 0.44179202092871156 0.2712820512820513 0.020274689339437543 0.029743589743589743
0 0.4218443427076521 0.2692307692307692 0.01962066710268149 0.031794871794871796
0 0.46631785480706345 0.27076923076923076 0.026160889470241987 0.03282051282051282
0 0.46533682145192934 0.27076923076923076 0.02158273381294964 0.03282051282051282
0 0.4895356442119032 0.2692307692307692 0.01765860039241334 0.02564102564102564
0 0.5104643557880968 0.26871794871794874 0.02289077828646174 0.02666666666666667
0 0.5336821451929366 0.26871794871794874 0.01962066710268149 0.022564102564102566
0 0.5559189012426422 0.27025641025641023 0.01962066710268149 0.029743589743589743
0 0.579136690647482 0.2958974358974359 0.016350555918901243 0.02358974358974359
0 0.5990843688685416 0.3 0.02354480052321779 0.031794871794871796
0 0.631458469587966 0.3076923076923077 0.026814911706998037 0.038974358974358976
0 0.6232831916285154 0.3641025641025641 0.02354480052321779 0.03487179487179487
0 0.6288423806409418 0.3405128205128205 0.028122956180510136 0.03076923076923077
0 0.5990843688685416 0.2733333333333333 0.01962066710268149 0.02358974358974359
0 0.48201438848920863 0.23897435897435898 0.026160889470241987 0.02666666666666667
0 0.5013080444735121 0.24 0.02289077828646174 0.03282051282051282
0 0.5189666448659255 0.23692307692307693 0.02289077828646174 0.028717948717948718
0 0.5398953564421191 0.23692307692307693 0.020274689339437543 0.024615384615384615
0 0.5624591236102028 0.23487179487179488 0.02223675604970569 0.024615384615384615
0 0.5810987573577502 0.23333333333333334 0.01765860039241334 0.027692307692307693
0 0.5153695225637671 0.20871794871794871 0.030085022890778287 0.031794871794871796
0 0.5804447351209941 0.2082051282051282 0.03466317854807063 0.04512820512820513
0 0.6030085022890779 0.17435897435897435 0.03662524525833878 0.038974358974358976
0 0.42544146500981034 0.15487179487179487 0.03466317854807063 0.03487179487179487
0 0.17135382603008503 0.38461538461538464 0.04447351209941138 0.055384615384615386
0 0.2119032047089601 0.8323076923076923 0.031393067364290386 0.0441025641025641
0 0.0709614126880314 0.8538461538461538 0.02419882275997384 0.03794871794871795
0 0.105297580117724 0.8148717948717948 0.032701111837802485 0.03794871794871795
0 0.13047743623283192 0.8117948717948718 0.02419882275997384 0.04
0 0.15958142576847612 0.8128205128205128 0.026160889470241987 0.033846153846153845
0 0.18312622629169392 0.8456410256410256 0.02223675604970569 0.035897435897435895
0 0.0487246566383257 0.8133333333333334 0.025506867233485938 0.03282051282051282
0 0.06507521255722695 0.898974358974359 0.02419882275997384 0.04
0 0.09287115761935906 0.8938461538461538 0.02877697841726619 0.04
0 0.1209941137998692 0.8923076923076924 0.02485284499672989 0.041025641025641026
0 0.1487900588620013 0.8876923076923077 0.026814911706998037 0.050256410256410255
0 0.17364290385873118 0.9271794871794872 0.025506867233485938 0.041025641025641026
0 0.2024198822759974 0.9235897435897436 0.028122956180510136 0.0441025641025641
0 0.2328319162851537 0.8748717948717949 0.02877697841726619 0.041025641025641026
0 0.20503597122302158 0.8794871794871795 0.028122956180510136 0.046153846153846156
0 0.171026814911707 0.9738461538461538 0.033355134074558535 0.046153846153846156
0 0.1393067364290386 0.9764102564102564 0.030085022890778287 0.04717948717948718
0 0.22498364944408109 0.9661538461538461 0.02485284499672989 0.043076923076923075
0 0.19162851536952255 0.1082051282051282 0.02223675604970569 0.029743589743589743
0 0.19522563767168083 0.08153846153846153 0.01896664486592544 0.021538461538461538
0 0.5948332243296272 0.13948717948717948 0.04512753433616743 0.04717948717948718
0 0.9542184434270765 0.13333333333333333 0.03662524525833878 0.057435897435897436
0 0.974166121648136 0.24717948717948718 0.03597122302158273 0.04923076923076923
0 0.8374754741661217 0.0441025641025641 0.026814911706998037 0.038974358974358976
0 0.9097449313276651 0.13641025641025642 0.03531720078482668 0.04717948717948718
0 0.9617396991497711 0.38461538461538464 0.03597122302158273 0.04923076923076923
0 0.2132112491824722 0.5907692307692308 0.04708960104643558 0.04923076923076923
0 0.060170045781556575 0.20461538461538462 0.041857423152387184 0.052307692307692305
0 0.38783518639633746 0.06769230769230769 0.032701111837802485 0.03487179487179487
0 0.4460431654676259 0.09487179487179487 0.02877697841726619 0.035897435897435895
0 0.7168083714846305 0.2082051282051282 0.034009156311314584 0.04923076923076923
0 0.7400261608894703 0.5907692307692308 0.04512753433616743 0.06564102564102564
0 0.841726618705036 0.6235897435897436 0.03531720078482668 0.055384615384615386
0 0.8584041857423153 0.5641025641025641 0.03597122302158273 0.06153846153846154
0 0.7109221713538261 0.4323076923076923 0.040549378678875085 0.06871794871794872
