0 0.2724002616088947 0.6851282051282052 0.02158273381294964 0.036923076923076927
0 0.29823413996075865 0.6851282051282052 0.01962066710268149 0.036923076923076927
0 0.32177894048397643 0.683076923076923 0.02485284499672989 0.03487179487179487
0 0.34499672988881624 0.683076923076923 0.02158273381294964 0.03282051282051282
0 0.3721386527141923 0.6820512820512821 0.027468933943754086 0.03076923076923077
0 0.31752779594506214 0.7158974358974359 0.020274689339437543 0.03282051282051282
0 0.34238064094179205 0.7158974358974359 0.02158273381294964 0.028717948717948718
0 0.36657946370176586 0.7158974358974359 0.025506867233485938 0.03282051282051282
0 0.39568345323741005 0.7138461538461538 0.02354480052321779 0.03487179487179487
0 0.3976455199476782 0.6794871794871795 0.02354480052321779 0.033846153846153845
0 0.4169391759319817 0.7133333333333334 0.01896664486592544 0.04
0 0.42282537606278614 0.676923076923077 0.030739045127534337 0.03282051282051282
0 0.4457161543492479 0.7097435897435898 0.026814911706998037 0.038974358974358976
0 0.447351209941138 0.6733333333333333 0.020928711576193592 0.03794871794871795
0 0.4702419882275997 0.7066666666666667 0.026160889470241987 0.03282051282051282
0 0.4722040549378679 0.6692307692307692 0.026160889470241987 0.031794871794871796
0 0.4977109221713538 0.7097435897435898 0.02223675604970569 0.03487179487179487
0 0.5209287115761936 0.7071794871794872 0.02289077828646174 0.031794871794871796
0 0.49411379986919557 0.7425641025641025 0.02289077828646174 0.03487179487179487
0 0.5209287115761936 0.7446153846153846 0.025506867233485938 0.03282051282051282
0 0.5238718116415958 0.6733333333333333 0.020928711576193592 0.035897435897435895
0 0.302485284499673 0.6476923076923077 0.020274689339437543 0.029743589743589743
0 0.27959450621321125 0.6502564102564102 0.020274689339437543 0.03076923076923077
0 0.3731196860693264 0.6456410256410257 0.028122956180510136 0.031794871794871796
0 0.34761281883584044 0.6492307692307693 0.02419882275997384 0.02666666666666667
0 0.3996075866579464 0.6425641025641026 0.027468933943754086 0.029743589743589743
0 0.4247874427730543 0.6425641025641026 0.02289077828646174 0.033846153846153845
0 0.44800523217789406 0.637948717948718 0.027468933943754086 0.03076923076923077
0 0.4725310660562459 0.6374358974358975 0.02158273381294964 0.033846153846153845
0 0.4977109221713538 0.6364102564102564 0.02354480052321779 0.033846153846153845
0 0.5212557226945717 0.6338461538461538 0.01962066710268149 0.03487179487179487
0 0.40156965336821454 0.6087179487179487 0.02354480052321779 0.031794871794871796
0 0.4260954872465664 0.6071794871794872 0.01896664486592544 0.03487179487179487
0 0.44964028776978415 0.6066666666666667 0.025506867233485938 0.033846153846153845
0 0.4758011772400262 0.6041025641025641 0.025506867233485938 0.03487179487179487
0 0.5245258338783518 0.597948717948718 0.02354480052321779 0.03282051282051282
0 0.49901896664486595 0.6015384615384616 0.02485284499672989 0.035897435897435895
0 0.3763897972531066 0.6087179487179487 0.020274689339437543 0.03794871794871795
0 0.329300196206671 0.6117948717948718 0.02158273381294964 0.035897435897435895
0 0.30640941792020926 0.6153846153846154 0.02419882275997384 0.03282051282051282
0 0.3129496402877698 0.581025641025641 0.020274689339437543 0.035897435897435895
0 0.5209287115761936 0.5646153846153846 0.02289077828646174 0.027692307692307693
0 0.4977109221713538 0.5676923076923077 0.020928711576193592 0.027692307692307693
0 0.4780902550686723 0.5687179487179487 0.02354480052321779 0.031794871794871796
0 0.45487246566383255 0.5702564102564103 0.020274689339437543 0.03076923076923077
0 0.4277305428384565 0.5733333333333334 0.02354480052321779 0.03487179487179487
0 0.40418574231523874 0.5707692307692308 0.02223675604970569 0.033846153846153845
0 0.380967952910399 0.5769230769230769 0.01896664486592544 0.031794871794871796
0 0.3567691301504251 0.5774358974358974 0.025506867233485938 0.03076923076923077
0 0.3351863963374755 0.5466666666666666 0.020274689339437543 0.03076923076923077
0 0.3567691301504251 0.5435897435897435 0.01896664486592544 0.03076923076923077
0 0.38260300850228907 0.5430769230769231 0.02354480052321779 0.033846153846153845
0 0.4064748201438849 0.5405128205128205 0.02158273381294964 0.03282051282051282
0 0.4290385873119686 0.536923076923077 0.02223675604970569 0.035897435897435895
0 0.45323741007194246 0.5384615384615384 0.02354480052321779 0.03282051282051282
0 0.4780902550686723 0.5384615384615384 0.026160889470241987 0.03076923076923077
0 0.499672988881622 0.5374358974358975 0.02354480052321779 0.028717948717948718
0 0.5238718116415958 0.5343589743589744 0.01962066710268149 0.03282051282051282
0 0.5457815565729235 0.7461538461538462 0.025506867233485938 0.04205128205128205
0 0.5448005232177894 0.7066666666666667 0.026160889470241987 0.041025641025641026
0 0.5441465009810333 0.6707692307692308 0.026160889470241987 0.043076923076923075
0 0.5451275343361675 0.6338461538461538 0.02419882275997384 0.036923076923076927
0 0.5441465009810333 0.598974358974359 0.01962066710268149 0.03487179487179487
0 0.5464355788096795 0.5661538461538461 0.020274689339437543 0.03282051282051282
0 0.5438194898626554 0.5328205128205128 0.02158273381294964 0.031794871794871796
0 0.5238718116415958 0.5035897435897436 0.01962066710268149 0.02666666666666667
0 0.49934597776324396 0.5046153846153846 0.02158273381294964 0.028717948717948718
0 0.4774362328319163 0.5071794871794871 0.02354480052321779 0.027692307692307693
0 0.4319816873773708 0.5071794871794871 0.02419882275997384 0.029743589743589743
0 0.3842380640941792 0.5128205128205128 0.02289077828646174 0.028717948717948718
0 0.36003924133420534 0.5117948717948718 0.02158273381294964 0.03282051282051282
0 0.40876389797253104 0.47794871794871796 0.020928711576193592 0.03076923076923077
0 0.4807063440156965 0.4774358974358974 0.01962066710268149 0.033846153846153845
0 0.5627861347285807 0.46974358974358976 0.026814911706998037 0.03487179487179487
0 0.5860039241334205 0.4676923076923077 0.020928711576193592 0.03487179487179487
0 0.604970568999346 0.46615384615384614 0.02877697841726619 0.031794871794871796
0 0.5624591236102028 0.5030769230769231 0.020928711576193592 0.027692307692307693
0 0.5634401569653368 0.5343589743589744 0.02289077828646174 0.028717948717948718
0 0.5627861347285807 0.5661538461538461 0.02289077828646174 0.03282051282051282
0 0.5637671680837149 0.5974358974358974 0.02877697841726619 0.03794871794871795
0 0.5640941792020928 0.6338461538461538 0.026814911706998037 0.036923076923076927
0 0.5451275343361675 0.7435897435897436 0.025506867233485938 0.041025641025641026
0 0.5686723348593852 0.8589743589743589 0.029431000654022238 0.052307692307692305
0 0.5689993459777632 0.8179487179487179 0.031393067364290386 0.0441025641025641
0 0.592217135382603 0.7374358974358974 0.02289077828646174 0.03487179487179487
0 0.5902550686723349 0.7041025641025641 0.026814911706998037 0.035897435897435895
0 0.591563113145847 0.6646153846153846 0.029431000654022238 0.043076923076923075
0 0.5670372792674951 0.7389743589743589 0.026160889470241987 0.04
0 0.5667102681491171 0.7035897435897436 0.028122956180510136 0.04512820512820513
0 0.5948332243296272 0.8164102564102564 0.028122956180510136 0.043076923076923075
0 0.5974493132766514 0.897948717948718 0.026814911706998037 0.0441025641025641
0 0.5850228907782865 0.5292307692307693 0.020274689339437543 0.03487179487179487
0 0.5454545454545454 0.502051282051282 0.02223675604970569 0.029743589743589743
0 0.5856769130150425 0.498974358974359 0.02419882275997384 0.035897435897435895
0 0.5856769130150425 0.5943589743589743 0.025506867233485938 0.03794871794871795
0 0.5876389797253107 0.5656410256410257 0.029431000654022238 0.03794871794871795
0 0.6255722694571615 0.8969230769230769 0.029431000654022238 0.052307692307692305
0 0.6069326357096141 0.49948717948717947 0.02223675604970569 0.036923076923076927
0 0.6072596468279922 0.5266666666666666 0.025506867233485938 0.033846153846153845
0 0.6085676913015042 0.5620512820512821 0.025506867233485938 0.03282051282051282
0 0.6098757357750163 0.5969230769230769 0.029431000654022238 0.036923076923076927
0 0.6115107913669064 0.6271794871794871 0.02877697841726619 0.033846153846153845
0 0.6157619359058208 0.7364102564102564 0.02158273381294964 0.041025641025641026
0 0.6187050359712231 0.7723076923076924 0.02877697841726619 0.043076923076923075
0 0.6164159581425769 0.698974358974359 0.033355134074558535 0.0441025641025641
0 0.6216481360366253 0.8133333333333334 0.032047089601046436 0.04717948717948718
0 0.6435578809679529 0.7682051282051282 0.026160889470241987 0.038974358974358976
0 0.6455199476782211 0.7297435897435898 0.030085022890778287 0.035897435897435895
0 0.6412688031393068 0.6984615384615385 0.02158273381294964 0.03282051282051282
0 0.6402877697841727 0.66 0.031393067364290386 0.0441025641025641
0 0.6379986919555265 0.6261538461538462 0.029431000654022238 0.04205128205128205
0 0.6360366252452584 0.5907692307692308 0.025506867233485938 0.03282051282051282
0 0.6376716808371484 0.556923076923077 0.026160889470241987 0.03487179487179487
0 0.6324395029431 0.5225641025641026 0.02877697841726619 0.033846153846153845
0 0.6026814911706998 0.43641025641025644 0.02419882275997384 0.029743589743589743
0 0.5232177894048398 0.33384615384615385 0.027468933943754086 0.03794871794871795
0 0.5428384565075213 0.30153846153846153 0.026160889470241987 0.038974358974358976
0 0.5500327011118378 0.3594871794871795 0.026160889470241987 0.035897435897435895
0 0.5058862001308044 0.3902564102564103 0.028122956180510136 0.04
0 0.43067364290385873 0.3646153846153846 0.025506867233485938 0.035897435897435895
0 0.44996729888816217 0.3046153846153846 0.02877697841726619 0.036923076923076927
0 0.5196206671026815 0.26974358974358975 0.028122956180510136 0.041025641025641026
0 0.35840418574231525 0.36256410256410254 0.030085022890778287 0.04205128205128205
0 0.4816873773708306 0.39487179487179486 0.029431000654022238 0.038974358974358976
0 0.5003270111183781 0.3343589743589744 0.027468933943754086 0.036923076923076927
0 0.4457161543492479 0.21846153846153846 0.028122956180510136 0.041025641025641026
0 0.4561805101373447 0.36256410256410254 0.032047089601046436 0.04205128205128205
0 0.4538914323086985 0.39487179487179486 0.02877697841726619 0.038974358974358976
0 0.3835840418574232 0.3953846153846154 0.032047089601046436 0.04
0 0.49672988881621977 0.7815384615384615 0.02419882275997384 0.03487179487179487
0 0.7871157619359058 0.6523076923076923 0.03597122302158273 0.059487179487179485
0 0.9231523871811642 0.6974358974358974 0.03597122302158273 0.06564102564102564
0 0.40680183126226294 0.3605128205128205 0.02354480052321779 0.033846153846153845
0 0.3973185088293002 0.19538461538461538 0.026814911706998037 0.035897435897435895
0 0.35611510791366907 0.2723076923076923 0.030739045127534337 0.0441025641025641
0 0.35480706344015694 0.2194871794871795 0.026814911706998037 0.04512820512820513
0 0.3168737737083061 0.3241025641025641 0.01896664486592544 0.03076923076923077
0 0.26357096141268804 0.3374358974358974 0.02223675604970569 0.02666666666666667
0 0.2864617396991498 0.3446153846153846 0.01831262262916939 0.02666666666666667
0 0.21157619359058208 0.28307692307692306 0.020274689339437543 0.028717948717948718
0 0.2302158273381295 0.2923076923076923 0.020928711576193592 0.02666666666666667
0 0.25212557226945714 0.30256410256410254 0.01765860039241334 0.02666666666666667
0 0.2707652060170046 0.30512820512820515 0.020928711576193592 0.027692307692307693
0 0.29561805101373445 0.3148717948717949 0.01962066710268149 0.028717948717948718
0 0.21811641595814257 0.2564102564102564 0.02289077828646174 0.02666666666666667
0 0.24133420536298233 0.26256410256410256 0.020928711576193592 0.02666666666666667
0 0.2619359058207979 0.2723076923076923 0.020274689339437543 0.027692307692307693
0 0.3136036625245258 0.258974358974359 0.02158273381294964 0.033846153846153845
0 0.18770438194898625 0.27487179487179486 0.01831262262916939 0.024615384615384615
0 0.10464355788096795 0.33897435897435896 0.020928711576193592 0.029743589743589743
0 0.17854807063440156 0.24461538461538462 0.017004578155657292 0.02564102564102564
0 0.197187704381949 0.24974358974358973 0.01765860039241334 0.02358974358974359
0 0.2485284499672989 0.2353846153846154 0.01962066710268149 0.027692307692307693
0 0.22858077174623936 0.23076923076923078 0.01765860039241334 0.024615384615384615
0 0.20699803793328972 0.2235897435897436 0.016350555918901243 0.024615384615384615
0 0.19293655984303465 0.21794871794871795 0.01831262262916939 0.02564102564102564
0 0.052321778940483975 0.45794871794871794 0.02354480052321779 0.035897435897435895
0 0.029758011772400263 0.45076923076923076 0.025506867233485938 0.035897435897435895
0 0.0591890124264225 0.28717948717948716 0.025506867233485938 0.03487179487179487
0 0.07815565729234794 0.29743589743589743 0.02158273381294964 0.03487179487179487
0 0.06507521255722695 0.3241025641025641 0.02289077828646174 0.03282051282051282
0 0.08534990189666448 0.3343589743589744 0.02289077828646174 0.036923076923076927
0 0.03597122302158273 0.2784615384615385 0.020928711576193592 0.031794871794871796
0 0.041857423152387184 0.31743589743589745 0.02223675604970569 0.033846153846153845
0 0.11772400261608895 0.31076923076923074 0.020928711576193592 0.03076923076923077
0 0.48790058862001306 0.19384615384615383 0.02485284499672989 0.03282051282051282
0 0.6785480706344016 0.35743589743589743 0.029431000654022238 0.04
0 0.10627861347285808 0.23897435897435898 0.02158273381294964 0.03076923076923077
0 0.12589928057553956 0.24461538461538462 0.02289077828646174 0.033846153846153845
0 0.1461739699149771 0.2558974358974359 0.020274689339437543 0.029743589743589743
0 0.13603662524525834 0.221025641025641 0.01962066710268149 0.029743589743589743
0 0.08371484630477437 0.2353846153846154 0.02485284499672989 0.033846153846153845
0 0.030412034009156312 0.24564102564102563 0.025506867233485938 0.035897435897435895
0 0.015696533682145193 0.2723076923076923 0.02354480052321779 0.031794871794871796
0 0.016350555918901243 0.3707692307692308 0.027468933943754086 0.035897435897435895
0 0.061478090255068674 0.22666666666666666 0.02354480052321779 0.03282051282051282
0 0.10725964682799215 0.18666666666666668 0.01831262262916939 0.028717948717948718
0 0.13243950294310006 0.2825641025641026 0.025506867233485938 0.029743589743589743
0 0.09123610202746893 0.2671794871794872 0.028122956180510136 0.033846153846153845
0 0.024525833878351864 0.21333333333333335 0.02158273381294964 0.028717948717948718
0 0.07553956834532374 0.20256410256410257 0.02289077828646174 0.031794871794871796
0 0.08698495748855462 0.17743589743589744 0.02354480052321779 0.028717948717948718
0 0.15467625899280577 0.17076923076923076 0.028122956180510136 0.04205128205128205
0 0.23773708306082406 0.20358974358974358 0.020274689339437543 0.027692307692307693
0 0.2789404839764552 0.2153846153846154 0.020274689339437543 0.03076923076923077
0 0.30346631785480704 0.22615384615384615 0.01962066710268149 0.027692307692307693
0 0.27141922825376064 0.24102564102564103 0.01962066710268149 0.02666666666666667
0 0.29136690647482016 0.25435897435897437 0.01896664486592544 0.02666666666666667
0 0.30477436232831917 0.28717948717948716 0.020928711576193592 0.03282051282051282
0 0.2567037279267495 0.15076923076923077 0.02158273381294964 0.02666666666666667
0 0.26782210595160233 0.18461538461538463 0.01765860039241334 0.024615384615384615
0 0.44408109875735774 0.14256410256410257 0.027468933943754086 0.03076923076923077
0 0.5585349901896665 0.22 0.02223675604970569 0.035897435897435895
0 0.24035317200784825 0.3292307692307692 0.016350555918901243 0.02666666666666667
0 0.31000654022236757 0.20051282051282052 0.01962066710268149 0.029743589743589743
0 0.22792674950948333 0.17282051282051283 0.01765860039241334 0.02358974358974359
0 0.17952910398953564 0.10153846153846154 0.025506867233485938 0.03487179487179487
0 0.19032047089601045 0.07948717948717948 0.027468933943754086 0.029743589743589743
0 0.037606278613472856 0.18717948717948718 0.020274689339437543 0.021538461538461538
0 0.2354480052321779 0.023076923076923078 0.02354480052321779 0.027692307692307693
0 0.45846958796599085 0.10512820512820513 0.014388489208633094 0.019487179487179488
0 0.4241334205362982 0.06820512820512821 0.016350555918901243 0.02358974358974359
0 0.5039241334205363 0.08923076923076922 0.01765860039241334 0.022564102564102566
0 0.5255068672334859 0.09589743589743589 0.016350555918901243 0.021538461538461538
0 0.28351863963374757 0.13846153846153847 0.020274689339437543 0.028717948717948718
0 0.29823413996075865 0.1676923076923077 0.01831262262916939 0.02358974358974359
0 0.24787442773054283 0.18153846153846154 0.020928711576193592 0.028717948717948718
0 0.2475474166121648 0.12410256410256411 0.020274689339437543 0.024615384615384615
0 0.2701111837802485 0.10564102564102563 0.015696533682145193 0.02666666666666667
0 0.29659908436886856 0.08923076923076922 0.016350555918901243 0.024615384615384615
0 0.2844996729888816 0.13743589743589743 0.01962066710268149 0.02666666666666667
0 0.30412034009156313 0.14256410256410257 0.01962066710268149 0.024615384615384615
0 0.3270111183780249 0.12358974358974359 0.014388489208633094 0.02564102564102564
0 0.4110529758011772 0.04256410256410256 0.016350555918901243 0.02564102564102564
0 0.39928057553956836 0.08666666666666667 0.01765860039241334 0.02564102564102564
0 0.3273381294964029 0.04923076923076923 0.016350555918901243 0.022564102564102566
0 0.289077828646174 0.06 0.01962066710268149 0.02358974358974359
0 0.2092871157619359 0.03487179487179487 0.02485284499672989 0.03282051282051282
0 0.35284499672988884 0.024102564102564103 0.01896664486592544 0.019487179487179488
0 0.3780248528449967 0.07794871794871795 0.017004578155657292 0.024615384615384615
0 0.3842380640941792 0.05435897435897436 0.01765860039241334 0.022564102564102566
0 0.473185088293002 0.03435897435897436 0.01896664486592544 0.02358974358974359
0 0.45454545454545453 0.03076923076923077 0.020928711576193592 0.024615384615384615
0 0.43067364290385873 0.04512820512820513 0.01896664486592544 0.022564102564102566
0 0.4833224329627207 0.08615384615384615 0.015696533682145193 0.020512820512820513
0 0.49672988881621977 0.8461538461538461 0.026814911706998037 0.036923076923076927
0 0.3862001308044474 0.48256410256410254 0.02289077828646174 0.027692307692307693
0 0.06769130150425115 0.6302564102564102 0.02419882275997384 0.03794871794871795
0 0.09025506867233486 0.6415384615384615 0.02223675604970569 0.03794871794871795
0 0.13734466971877043 0.6594871794871795 0.02485284499672989 0.041025641025641026
0 0.11249182472204054 0.6523076923076923 0.026160889470241987 0.043076923076923075
0 0.04708960104643558 0.6261538461538462 0.026160889470241987 0.04
0 0.22923479398299543 0.7097435897435898 0.03597122302158273 0.05128205128205128
0 0.63080444735121 0.06358974358974359 0.01896664486592544 0.020512820512820513
0 0.5981033355134074 0.0641025641025641 0.01896664486592544 0.02358974358974359
0 0.6141268803139307 0.0641025641025641 0.017004578155657292 0.02358974358974359
0 0.645192936559843 0.10461538461538461 0.016350555918901243 0.022564102564102566
0 0.6294964028776978 0.10153846153846154 0.01765860039241334 0.028717948717948718
0 0.5650752125572269 0.30205128205128207 0.02354480052321779 0.033846153846153845
0 0.6079136690647482 0.33794871794871795 0.029431000654022238 0.03794871794871795
0 0.5323741007194245 0.19435897435897437 0.02354480052321779 0.02564102564102564
0 0.4002616088947024 0.1687179487179487 0.027468933943754086 0.031794871794871796
0 0.41792020928711576 0.09641025641025641 0.01962066710268149 0.022564102564102566
0 0.7583387835186396 0.6958974358974359 0.041203400915631135 0.06461538461538462
0 0.8436886854153042 0.6594871794871795 0.03531720078482668 0.057435897435897436
0 0.6700457815565729 0.5871794871794872 0.029431000654022238 0.04205128205128205
