0 0.06278613472858077 0.5846153846153846 0.017004578155657292 0.03076923076923077
0 0.08829300196206671 0.5948717948717949 0.020928711576193592 0.03282051282051282
0 0.1118378024852845 0.6046153846153847 0.02223675604970569 0.031794871794871796
0 0.1379986919555265 0.6112820512820513 0.01831262262916939 0.018461538461538463
0 0.1644865925441465 0.6194871794871795 0.013734466971877043 0.018461538461538463
0 0.19391759319816873 0.6292307692307693 0.01896664486592544 0.02564102564102564
0 0.21909744931327665 0.6451282051282051 0.01962066710268149 0.03487179487179487
0 0.24133420536298233 0.6466666666666666 0.015696533682145193 0.029743589743589743
0 0.2727272727272727 0.661025641025641 0.01962066710268149 0.029743589743589743
0 0.29856115107913667 0.6692307692307692 0.02289077828646174 0.04205128205128205
0 0.09679529103989536 0.5538461538461539 0.01962066710268149 0.038974358974358976
0 0.12557226945716154 0.5620512820512821 0.01831262262916939 0.036923076923076927
0 0.15173315892740352 0.5702564102564103 0.02223675604970569 0.03282051282051282
0 0.17625899280575538 0.578974358974359 0.020274689339437543 0.029743589743589743
0 0.2001308044473512 0.5897435897435898 0.01962066710268149 0.02666666666666667
0 0.22596468279921517 0.5994871794871794 0.02419882275997384 0.035897435897435895
0 0.25081752779594507 0.6071794871794872 0.01896664486592544 0.03076923076923077
0 0.2789404839764552 0.6169230769230769 0.02289077828646174 0.033846153846153845
0 0.3051013734466972 0.6287179487179487 0.020274689339437543 0.03282051282051282
0 0.08534990189666448 0.5076923076923077 0.02158273381294964 0.036923076923076927
0 0.10856769130150425 0.5164102564102564 0.017004578155657292 0.035897435897435895
0 0.18312622629169392 0.5430769230769231 0.020928711576193592 0.027692307692307693
0 0.09581425768476128 0.46974358974358976 0.01765860039241334 0.03487179487179487
0 0.12164813603662525 0.47846153846153844 0.02223675604970569 0.035897435897435895
0 0.1435578809679529 0.48923076923076925 0.02158273381294964 0.038974358974358976
0 0.17037279267495095 0.49641025641025643 0.02419882275997384 0.036923076923076927
0 0.19653368214519293 0.5025641025641026 0.02158273381294964 0.03282051282051282
0 0.22138652714192283 0.5128205128205128 0.025506867233485938 0.03076923076923077
0 0.24264224983649443 0.52 0.015696533682145193 0.03282051282051282
0 0.2707652060170046 0.5328205128205128 0.020928711576193592 0.035897435897435895
0 0.2786134728580772 0.4917948717948718 0.015696533682145193 0.031794871794871796
0 0.25310660562459125 0.48205128205128206 0.01962066710268149 0.028717948717948718
0 0.23871811641595814 0.44 0.020928711576193592 0.03282051282051282
0 0.2648790058862001 0.44769230769230767 0.01831262262916939 0.033846153846153845
0 0.3315892740353172 0.5123076923076924 0.02223675604970569 0.029743589743589743
0 0.2880967952910399 0.5794871794871795 0.016350555918901243 0.028717948717948718
0 0.31393067364290383 0.5876923076923077 0.02223675604970569 0.03282051282051282
0 0.2119032047089601 0.5507692307692308 0.020928711576193592 0.03076923076923077
0 0.15696533682145192 0.45076923076923076 0.020928711576193592 0.035897435897435895
0 0.18051013734466972 0.45692307692307693 0.02354480052321779 0.035897435897435895
0 0.20732504905166776 0.46923076923076923 0.01831262262916939 0.03794871794871795
0 0.3198168737737083 0.5476923076923077 0.01831262262916939 0.03076923076923077
0 0.3332243296272073 0.6405128205128205 0.02158273381294964 0.035897435897435895
0 0.3515369522563767 0.6871794871794872 0.020274689339437543 0.036923076923076927
0 0.31621975147155 0.718974358974359 0.01896664486592544 0.028717948717948718
0 0.3433616742969261 0.7287179487179487 0.02223675604970569 0.035897435897435895
0 0.3698495748855461 0.7425641025641025 0.020274689339437543 0.03487179487179487
0 0.3783518639633748 0.6974358974358974 0.02289077828646174 0.03487179487179487
0 0.35807717462393723 0.6466666666666666 0.02289077828646174 0.033846153846153845
0 0.3865271419228254 0.6574358974358975 0.026160889470241987 0.038974358974358976
0 0.41465009810333553 0.6661538461538462 0.026160889470241987 0.04205128205128205
0 0.408109875735775 0.7066666666666667 0.02485284499672989 0.036923076923076927
0 0.3482668410725965 0.558974358974359 0.01896664486592544 0.041025641025641026
0 0.3724656638325703 0.5687179487179487 0.015042511445389144 0.027692307692307693
0 0.40058862001308043 0.5748717948717949 0.026814911706998037 0.03794871794871795
0 0.4264224983649444 0.5835897435897436 0.015696533682145193 0.03282051282051282
0 0.45487246566383255 0.5882051282051282 0.02289077828646174 0.031794871794871796
0 0.36625245258338784 0.6041025641025641 0.02354480052321779 0.03076923076923077
0 0.3933943754087639 0.6138461538461538 0.01896664486592544 0.02564102564102564
0 0.42020928711576194 0.6230769230769231 0.01765860039241334 0.033846153846153845
0 0.35611510791366907 0.5225641025641026 0.01765860039241334 0.029743589743589743
0 0.3829300196206671 0.5312820512820513 0.02419882275997384 0.03282051282051282
0 0.43394375408763897 0.5466666666666666 0.02158273381294964 0.028717948717948718
0 0.3620013080444735 0.48512820512820515 0.02289077828646174 0.024615384615384615
0 0.39306736429038586 0.4969230769230769 0.02354480052321779 0.031794871794871796
0 0.41530412034009156 0.5051282051282051 0.020928711576193592 0.033846153846153845
0 0.3368214519293656 0.4753846153846154 0.013080444735120994 0.031794871794871796
0 0.3103335513407456 0.46615384615384614 0.020274689339437543 0.027692307692307693
0 0.2864617396991498 0.45692307692307693 0.014388489208633094 0.02358974358974359
0 0.4385219097449313 0.5102564102564102 0.020274689339437543 0.029743589743589743
0 0.2537606278613473 0.38256410256410256 0.020928711576193592 0.036923076923076927
0 0.27403531720078483 0.35743589743589743 0.017004578155657292 0.029743589743589743
0 0.29594506213211247 0.3646153846153846 0.02158273381294964 0.035897435897435895
0 0.2786134728580772 0.39179487179487177 0.02223675604970569 0.028717948717948718
0 0.30346631785480704 0.40307692307692305 0.02223675604970569 0.028717948717948718
0 0.34793982995421846 0.42102564102564105 0.01962066710268149 0.027692307692307693
0 0.47972531066056245 0.7553846153846154 0.020274689339437543 0.03794871794871795
0 0.4352517985611511 0.721025641025641 0.020274689339437543 0.038974358974358976
0 0.10856769130150425 0.43538461538461537 0.017004578155657292 0.031794871794871796
0 0.31196860693263573 0.2805128205128205 0.020928711576193592 0.035897435897435895
0 0.2867887508175278 0.23948717948717949 0.02289077828646174 0.02564102564102564
0 0.5091563113145847 0.7743589743589744 0.02419882275997384 0.038974358974358976
0 0.5343361674296926 0.8 0.01962066710268149 0.038974358974358976
0 0.4836494440810988 0.66 0.02289077828646174 0.04
0 0.5081752779594506 0.6794871794871795 0.02485284499672989 0.04
0 0.4960758665794637 0.6210256410256411 0.029431000654022238 0.033846153846153845
0 0.5202746893394375 0.6394871794871795 0.01896664486592544 0.029743589743589743
0 0.5493786788750817 0.7523076923076923 0.02354480052321779 0.04205128205128205
0 0.5225637671680837 0.7353846153846154 0.01962066710268149 0.03487179487179487
0 0.7282537606278614 0.678974358974359 0.02289077828646174 0.041025641025641026
0 0.7567037279267496 0.7020512820512821 0.020928711576193592 0.04205128205128205
0 0.7825376062786135 0.7143589743589743 0.02289077828646174 0.046153846153846156
0 0.7648790058862002 0.7979487179487179 0.028122956180510136 0.04923076923076923
0 0.7563767168083715 0.8394871794871794 0.02419882275997384 0.046153846153846156
0 0.7446043165467626 0.882051282051282 0.02419882275997384 0.043076923076923075
0 0.750163505559189 0.7415384615384616 0.02485284499672989 0.04923076923076923
0 0.7096141268803139 0.7610256410256411 0.030085022890778287 0.043076923076923075
0 0.7223675604970569 0.7215384615384616 0.030739045127534337 0.04205128205128205
0 0.6877043819489863 0.8430769230769231 0.032047089601046436 0.05333333333333334
0 0.6994767822105952 0.8005128205128205 0.029431000654022238 0.04
0 0.7302158273381295 0.8225641025641026 0.026814911706998037 0.04512820512820513
0 0.5853499018966645 0.8338461538461538 0.02485284499672989 0.043076923076923075
0 0.5758665794637018 0.7630769230769231 0.020274689339437543 0.041025641025641026
0 0.6435578809679529 0.7676923076923077 0.034009156311314584 0.050256410256410255
0 0.657946370176586 0.8312820512820512 0.02485284499672989 0.046153846153846156
0 0.7024198822759974 0.6656410256410257 0.02354480052321779 0.038974358974358976
0 0.6500981033355134 0.6312820512820513 0.02485284499672989 0.050256410256410255
0 0.8116415958142577 0.7364102564102564 0.01962066710268149 0.038974358974358976
0 0.8024852844996729 0.7723076923076924 0.020928711576193592 0.036923076923076927
0 0.7933289731850883 0.8184615384615385 0.020928711576193592 0.036923076923076927
0 0.8247220405493787 0.8317948717948718 0.02485284499672989 0.038974358974358976
0 0.8345323741007195 0.7938461538461539 0.02485284499672989 0.03487179487179487
0 0.8603662524525834 0.8076923076923077 0.02158273381294964 0.033846153846153845
0 0.7851536952256377 0.8569230769230769 0.02158273381294964 0.029743589743589743
0 0.7740353172007848 0.9035897435897436 0.01896664486592544 0.036923076923076927
0 0.7697841726618705 0.9476923076923077 0.02485284499672989 0.036923076923076927
0 0.803466317854807 0.918974358974359 0.01896664486592544 0.043076923076923075
0 0.8521909744931327 0.8512820512820513 0.01962066710268149 0.041025641025641026
0 0.8152387181164159 0.8764102564102564 0.02419882275997384 0.04
0 0.8436886854153042 0.898974358974359 0.02354480052321779 0.03794871794871795
0 0.8368214519293656 0.9425641025641026 0.02419882275997384 0.04512820512820513
0 0.8914323086984958 0.8292307692307692 0.027468933943754086 0.04205128205128205
0 0.9283845650752126 0.8035897435897436 0.02158273381294964 0.035897435897435895
0 0.9130150425114454 0.882051282051282 0.026160889470241987 0.036923076923076927
0 0.9175931981687377 0.8492307692307692 0.020928711576193592 0.036923076923076927
0 0.8773708306082407 0.916923076923077 0.029431000654022238 0.05333333333333334
0 0.9054937867887508 0.9307692307692308 0.02158273381294964 0.03794871794871795
0 0.9447351209941138 0.9087179487179488 0.020274689339437543 0.04717948717948718
0 0.749509483322433 0.6123076923076923 0.027468933943754086 0.041025641025641026
0 0.592871157619359 0.5133333333333333 0.020274689339437543 0.029743589743589743
0 0.5693263570961413 0.49948717948717947 0.01896664486592544 0.028717948717948718
0 0.644865925441465 0.5482051282051282 0.027468933943754086 0.050256410256410255
0 0.6962066710268149 0.581025641025641 0.02158273381294964 0.04
0 0.723348593852191 0.5974358974358974 0.020928711576193592 0.03794871794871795
0 0.9509483322432962 0.8630769230769231 0.026160889470241987 0.04205128205128205
0 0.30183126226291696 0.19076923076923077 0.026814911706998037 0.03282051282051282
0 0.3371484630477436 0.32564102564102565 0.025506867233485938 0.031794871794871796
0 0.6085676913015042 0.8861538461538462 0.026814911706998037 0.04923076923076923
0 0.5304120340091563 0.5615384615384615 0.060170045781556575 0.06051282051282051
0 0.8397645519947678 0.6256410256410256 0.02354480052321779 0.02666666666666667
