0 0.041203400915631135 0.6512820512820513 0.031393067364290386 0.04923076923076923
0 0.05428384565075212 0.6025641025641025 0.031393067364290386 0.0441025641025641
0 0.08600392413342053 0.6143589743589744 0.03466317854807063 0.04923076923076923
0 0.07063440156965337 0.6676923076923077 0.02877697841726619 0.03487179487179487
0 0.105297580117724 0.6728205128205128 0.03531720078482668 0.043076923076923075
0 0.1366906474820144 0.6861538461538461 0.027468933943754086 0.03282051282051282
0 0.17331589274035317 0.7020512820512821 0.031393067364290386 0.05435897435897436
0 0.2066710268149117 0.7123076923076923 0.032701111837802485 0.05435897435897436
0 0.2419882275997384 0.7261538461538461 0.031393067364290386 0.057435897435897436
0 0.2730542838456507 0.7364102564102564 0.028122956180510136 0.04717948717948718
0 0.30673642903858733 0.7476923076923077 0.031393067364290386 0.04717948717948718
0 0.34466971877043817 0.7651282051282051 0.030085022890778287 0.04923076923076923
0 0.35611510791366907 0.7107692307692308 0.02289077828646174 0.038974358974358976
0 0.32047089601046436 0.6928205128205128 0.034009156311314584 0.048205128205128206
0 0.29103989535644215 0.6887179487179487 0.02485284499672989 0.0441025641025641
0 0.25343361674296927 0.6702564102564103 0.028122956180510136 0.0441025641025641
0 0.22138652714192283 0.661025641025641 0.02419882275997384 0.035897435897435895
0 0.18705035971223022 0.6507692307692308 0.03531720078482668 0.050256410256410255
0 0.15304120340091562 0.64 0.030085022890778287 0.04923076923076923
0 0.1209941137998692 0.6261538461538462 0.030085022890778287 0.0441025641025641
0 0.07325049051667756 0.5517948717948717 0.034009156311314584 0.043076923076923075
0 0.11739699149771092 0.522051282051282 0.029431000654022238 0.043076923076923075
0 0.16644865925441465 0.5835897435897436 0.030739045127534337 0.038974358974358976
0 0.1079136690647482 0.5676923076923077 0.030085022890778287 0.0441025641025641
0 0.1366906474820144 0.5769230769230769 0.02877697841726619 0.048205128205128206
0 0.17527795945062133 0.3605128205128205 0.02877697841726619 0.033846153846153845
0 0.20568999345977762 0.3646153846153846 0.030739045127534337 0.03794871794871795
0 0.2354480052321779 0.3764102564102564 0.027468933943754086 0.038974358974358976
0 0.2642249836494441 0.38461538461538464 0.026160889470241987 0.04512820512820513
0 0.289077828646174 0.39076923076923076 0.02223675604970569 0.03487179487179487
0 0.3221059516023545 0.4046153846153846 0.03597122302158273 0.0441025641025641
0 0.3577501635055592 0.4148717948717949 0.02877697841726619 0.04
0 0.3858731196860693 0.4205128205128205 0.026160889470241987 0.043076923076923075
0 0.4143230869849575 0.4323076923076923 0.01896664486592544 0.033846153846153845
0 0.4244604316546763 0.3882051282051282 0.01962066710268149 0.02564102564102564
0 0.45454545454545453 0.40205128205128204 0.02354480052321779 0.02666666666666667
0 0.44767822105951605 0.442051282051282 0.025506867233485938 0.036923076923076927
0 0.3907782864617397 0.38153846153846155 0.02158273381294964 0.024615384615384615
0 0.40680183126226294 0.47435897435897434 0.01962066710268149 0.04
0 0.4381948986265533 0.4841025641025641 0.02354480052321779 0.038974358974358976
0 0.5467625899280576 0.4323076923076923 0.02354480052321779 0.029743589743589743
0 0.5784826684107259 0.441025641025641 0.02419882275997384 0.038974358974358976
0 0.6137998691955526 0.4517948717948718 0.02419882275997384 0.029743589743589743
0 0.5405493786788751 0.4758974358974359 0.01765860039241334 0.02666666666666667
0 0.5359712230215827 0.5169230769230769 0.01896664486592544 0.020512820512820513
0 0.6023544800523217 0.5394871794871795 0.017004578155657292 0.024615384615384615
0 0.5163505559189012 0.661025641025641 0.025506867233485938 0.03794871794871795
0 0.4241334205362982 0.5784615384615385 0.02419882275997384 0.041025641025641026
0 0.5591890124264225 0.5717948717948718 0.015696533682145193 0.02564102564102564
0 0.4764551994767822 0.6456410256410257 0.03989535644211903 0.050256410256410255
0 0.4895356442119032 0.7625641025641026 0.03727926749509483 0.05641025641025641
0 0.5320470896010464 0.7712820512820513 0.03989535644211903 0.059487179487179485
0 0.5735775016350556 0.7317948717948718 0.034009156311314584 0.03794871794871795
0 0.6216481360366253 0.7025641025641025 0.030739045127534337 0.059487179487179485
0 0.11805101373446697 0.42512820512820515 0.029431000654022238 0.035897435897435895
0 0.13309352517985612 0.38564102564102565 0.028122956180510136 0.038974358974358976
0 0.16219751471550034 0.3984615384615385 0.026160889470241987 0.04205128205128205
0 0.1935905820797907 0.4082051282051282 0.02877697841726619 0.041025641025641026
0 0.22204054937867887 0.4158974358974359 0.025506867233485938 0.0441025641025641
0 0.2514715500327011 0.4282051282051282 0.028122956180510136 0.03794871794871795
0 0.2815565729234794 0.43641025641025644 0.028122956180510136 0.04
0 0.3109875735775016 0.4461538461538462 0.02158273381294964 0.03282051282051282
0 0.342053629823414 0.4553846153846154 0.02877697841726619 0.043076923076923075
0 0.3747547416612165 0.4641025641025641 0.02877697841726619 0.04205128205128205
0 0.14944408109875737 0.43846153846153846 0.026814911706998037 0.03794871794871795
0 0.18083714846304774 0.44564102564102565 0.030739045127534337 0.0441025641025641
0 0.21223021582733814 0.45692307692307693 0.026814911706998037 0.04205128205128205
0 0.2701111837802485 0.4758974358974359 0.026160889470241987 0.043076923076923075
0 0.23773708306082406 0.4682051282051282 0.02158273381294964 0.03794871794871795
0 0.302158273381295 0.48512820512820515 0.034009156311314584 0.043076923076923075
0 0.13374754741661216 0.4846153846153846 0.02419882275997384 0.035897435897435895
0 0.16644865925441465 0.4887179487179487 0.028122956180510136 0.035897435897435895
0 0.1958796599084369 0.4979487179487179 0.028122956180510136 0.04
0 0.2275997383911053 0.5087179487179487 0.02877697841726619 0.03487179487179487
0 0.2606278613472858 0.522051282051282 0.030739045127534337 0.041025641025641026
0 0.32177894048397643 0.538974358974359 0.027468933943754086 0.04205128205128205
0 0.1827992151733159 0.5415384615384615 0.033355134074558535 0.041025641025641026
0 0.2158273381294964 0.5538461538461539 0.027468933943754086 0.043076923076923075
0 0.27959450621321125 0.5738461538461539 0.028122956180510136 0.046153846153846156
0 0.34466971877043817 0.5917948717948718 0.034009156311314584 0.05128205128205128
0 0.6484630477436233 0.4194871794871795 0.060824068018312624 0.07384615384615385
0 0.23446697187704382 0.6133333333333333 0.032047089601046436 0.05128205128205128
0 0.26651406147809026 0.6194871794871795 0.025506867233485938 0.04923076923076923
0 0.33387835186396336 0.6461538461538462 0.03597122302158273 0.04512820512820513
0 0.7740353172007848 0.5466666666666666 0.02289077828646174 0.038974358974358976
0 0.8119686069326357 0.5148717948717949 0.02158273381294964 0.020512820512820513
0 0.7694571615434925 0.6369230769230769 0.041203400915631135 0.08615384615384615
0 0.30444735120994115 0.8497435897435898 0.1079136690647482 0.13230769230769232
0 0.7256376716808371 0.7276923076923076 0.032047089601046436 0.052307692307692305
0 0.34009156311314587 0.2153846153846154 0.02354480052321779 0.028717948717948718
0 0.03237410071942446 0.42205128205128206 0.04381948986265533 0.06051282051282051
0 0.3142576847612819 0.20564102564102565 0.02289077828646174 0.027692307692307693
0 0.29267495094833224 0.16153846153846155 0.025506867233485938 0.031794871794871796
0 0.2603008502289078 0.3005128205128205 0.01962066710268149 0.03282051282051282
0 0.2446043165467626 0.33794871794871795 0.02485284499672989 0.02564102564102564
0 0.3250490516677567 0.17435897435897435 0.02485284499672989 0.03076923076923077
0 0.29888816219751474 0.27487179487179486 0.03531720078482668 0.038974358974358976
0 0.2710922171353826 0.2676923076923077 0.02158273381294964 0.028717948717948718
0 0.7210595160235448 0.7871794871794872 0.026814911706998037 0.04205128205128205
0 0.6386527141922825 0.8661538461538462 0.028122956180510136 0.052307692307692305
0 0.8345323741007195 0.8364102564102565 0.051013734466971876 0.08923076923076922
0 0.473185088293002 0.4958974358974359 0.029431000654022238 0.0441025641025641
0 0.6913015042511446 0.6666666666666666 0.020928711576193592 0.04512820512820513
