0 0.5317200784826684 0.7569230769230769 0.03531720078482668 0.041025641025641026
0 0.3780248528449967 0.735897435897436 0.041857423152387184 0.05641025641025641
0 0.41203400915631133 0.7615384615384615 0.03662524525833878 0.050256410256410255
0 0.22334859385219097 0.8066666666666666 0.05689993459777633 0.09128205128205129
0 0.723348593852191 0.7538461538461538 0.05755395683453238 0.09025641025641026
0 0.7207325049051668 0.8507692307692307 0.060170045781556575 0.08512820512820513
0 0.6000654022236757 0.7728205128205128 0.041203400915631135 0.06051282051282051
0 0.23708306082406802 0.6948717948717948 0.03858731196860693 0.046153846153846156
0 0.8646173969914978 0.36666666666666664 0.030085022890778287 0.04
0 0.6379986919555265 0.6861538461538461 0.02419882275997384 0.041025641025641026
0 0.32864617396991497 0.7441025641025641 0.026814911706998037 0.04205128205128205
0 0.2655330281229562 0.4205128205128205 0.04316546762589928 0.041025641025641026
0 0.7890778286461739 0.8071794871794872 0.06474820143884892 0.10666666666666667
0 0.31196860693263573 0.5133333333333333 0.09287115761935906 0.12410256410256411
0 0.9421190320470896 0.28923076923076924 0.03989535644211903 0.05128205128205128
0 0.2776324395029431 0.3030769230769231 0.03989535644211903 0.052307692307692305
